player,player_id,position,team_name,player_game_count,comp_pct_diff,declined_penalties,dropbacks,franchise_id,no_screen_accuracy_percent,no_screen_aimed_passes,no_screen_attempts,no_screen_avg_depth_of_target,no_screen_avg_time_to_throw,no_screen_bats,no_screen_big_time_throws,no_screen_btt_rate,no_screen_completion_percent,no_screen_completions,no_screen_def_gen_pressures,no_screen_drop_rate,no_screen_dropbacks,no_screen_dropbacks_percent,no_screen_drops,no_screen_first_downs,no_screen_grades_hands_drop,no_screen_grades_hands_fumble,no_screen_grades_offense,no_screen_grades_offense_penalty,no_screen_grades_pass,no_screen_grades_pass_route,no_screen_grades_run,no_screen_hit_as_threw,no_screen_interceptions,no_screen_passing_snaps,no_screen_pressure_to_sack_rate,no_screen_qb_rating,no_screen_sack_percent,no_screen_sacks,no_screen_scrambles,no_screen_spikes,no_screen_thrown_aways,no_screen_touchdowns,no_screen_turnover_worthy_plays,no_screen_twp_rate,no_screen_yards,no_screen_ypa,npa_accuracy_percent,npa_aimed_passes,npa_attempts,npa_avg_depth_of_target,npa_avg_time_to_throw,npa_bats,npa_big_time_throws,npa_btt_rate,npa_completion_percent,npa_completions,npa_def_gen_pressures,npa_drop_rate,npa_dropbacks,npa_dropbacks_percent,npa_drops,npa_first_downs,npa_grades_hands_drop,npa_grades_hands_fumble,npa_grades_offense,npa_grades_offense_penalty,npa_grades_pass,npa_grades_pass_route,npa_grades_run,npa_hit_as_threw,npa_interceptions,npa_passing_snaps,npa_pressure_to_sack_rate,npa_qb_rating,npa_sack_percent,npa_sacks,npa_scrambles,npa_spikes,npa_thrown_aways,npa_touchdowns,npa_turnover_worthy_plays,npa_twp_rate,npa_yards,npa_ypa,pa_accuracy_percent,pa_aimed_passes,pa_attempts,pa_avg_depth_of_target,pa_avg_time_to_throw,pa_bats,pa_big_time_throws,pa_btt_rate,pa_completion_percent,pa_completions,pa_def_gen_pressures,pa_drop_rate,pa_dropbacks,pa_dropbacks_percent,pa_drops,pa_first_downs,pa_grades_hands_drop,pa_grades_hands_fumble,pa_grades_offense,pa_grades_offense_penalty,pa_grades_pass,pa_grades_pass_route,pa_grades_run,pa_hit_as_threw,pa_interceptions,pa_passing_snaps,pa_pressure_to_sack_rate,pa_qb_rating,pa_sack_percent,pa_sacks,pa_scrambles,pa_spikes,pa_thrown_aways,pa_touchdowns,pa_turnover_worthy_plays,pa_twp_rate,pa_yards,pa_ypa,penalties,screen_accuracy_percent,screen_aimed_passes,screen_attempts,screen_avg_depth_of_target,screen_avg_time_to_throw,screen_bats,screen_big_time_throws,screen_btt_rate,screen_completion_percent,screen_completions,screen_def_gen_pressures,screen_drop_rate,screen_dropbacks,screen_dropbacks_percent,screen_drops,screen_first_downs,screen_grades_hands_drop,screen_grades_hands_fumble,screen_grades_offense,screen_grades_offense_penalty,screen_grades_pass,screen_grades_pass_route,screen_grades_run,screen_hit_as_threw,screen_interceptions,screen_passing_snaps,screen_pressure_to_sack_rate,screen_qb_rating,screen_sack_percent,screen_sacks,screen_scrambles,screen_spikes,screen_thrown_aways,screen_touchdowns,screen_turnover_worthy_plays,screen_twp_rate,screen_yards,screen_ypa,ypa_diff
David Blough,46508,QB,DET,3,8.36,0,93,11,66.7,75,77,9.1,2.8,1,1,1.2,61.0,47,25,6.0,88,94.6,3,28,,28.1,58.4,81.6,58.2,,58.1,0,1,92,16.0,76.5,4.5,4,7,0,1,2,2,2.2,376,4.9,64.7,68,69,8.9,2.53,1,1,1.4,60.9,42,19,4.5,75,80.6,2,23,,47.7,54.3,81.2,59.6,,28.9,0,1,79,21.1,74.9,5.3,4,2,0,0,2,1,1.3,306,4.4,91.7,12,13,5.0,3.66,0,0,0.0,69.2,9,6,18.2,18,19.4,2,5,,22.4,74.8,74.3,56.0,,88.3,0,0,18,0.0,82.5,0.0,0,5,0,1,0,1,5.6,71,5.5,0,100.0,5,5,-3.0,1.78,0,0,0.0,80.0,4,0,20.0,5,5.4,1,0,,68.0,64.9,69.9,64.4,,,0,0,5,,79.2,0.0,0,0,0,0,0,0,0.0,1,0.2,1.03
Trace McSorley,32819,QB,ARZ,3,15.92,0,93,1,60.6,71,75,10.7,2.82,1,2,2.5,54.7,41,25,4.7,83,89.2,2,27,,84.7,56.5,81.8,56.5,,57.1,1,2,90,12.0,68.8,3.6,3,5,0,2,1,5,5.6,500,6.7,61.7,60,67,9.1,2.68,4,2,2.8,50.7,34,23,8.1,73,78.5,3,21,,83.9,53.3,81.5,52.2,,60.2,1,2,79,8.7,57.4,2.7,2,4,0,2,0,5,6.3,409,6.1,66.7,18,18,10.2,2.79,0,0,0.0,66.7,12,3,0.0,20,21.5,0,7,,75.4,65.3,74.9,67.0,,56.3,0,0,21,33.3,105.3,5.0,1,1,0,0,1,0,0.0,126,7.0,0,85.7,7,10,-4.1,1.79,3,0,0.0,50.0,5,1,16.7,10,10.8,1,1,,71.4,55.6,72.3,55.7,,,0,0,10,0.0,58.3,0.0,0,0,0,0,0,0,0.0,35,3.5,0.9
Sam Howell,97599,QB,WAS,3,16.51,0,88,32,73.3,60,65,11.3,3.14,2,2,2.9,64.6,42,39,4.5,84,95.5,2,25,,84.3,71.5,19.7,64.3,,85.9,2,1,87,23.1,89.6,10.7,9,10,0,1,1,3,3.4,545,8.4,69.4,49,53,11.2,3.18,2,2,3.5,58.5,31,32,8.8,69,78.4,3,20,,83.2,71.0,13.5,62.4,,88.5,1,1,73,21.9,80.1,10.1,7,9,0,1,1,3,4.1,393,7.4,80.0,15,16,7.6,2.68,0,0,0.0,75.0,12,7,0.0,19,21.6,0,5,,75.1,62.3,74.7,63.4,,58.3,1,0,20,28.6,104.2,10.5,2,1,0,0,0,0,0.0,152,9.5,0,50.0,4,4,-4.0,1.6,0,0,0.0,25.0,1,0,50.0,4,4.5,1,0,,68.9,52.1,70.6,52.6,,,0,0,6,,39.6,0.0,0,0,0,0,0,0,0.0,0,0.0,2.08
Davis Webb,11842,QB,NYG,3,-14.33,0,85,21,80.9,68,73,6.9,3.01,3,1,1.3,74.0,54,32,1.8,77,90.6,1,23,,83.7,69.5,81.2,69.9,,55.9,1,0,81,0.0,102.0,0.0,0,4,0,1,3,1,1.2,430,5.9,87.0,54,59,5.2,2.64,4,0,0.0,78.0,46,25,2.1,60,70.6,1,19,,82.1,71.3,80.6,71.2,,56.1,0,0,63,0.0,108.0,0.0,0,1,0,1,3,0,0.0,345,5.8,70.0,20,22,8.6,3.33,1,1,4.3,63.6,14,9,0.0,25,29.4,0,5,,76.8,62.2,75.8,62.8,,58.4,1,0,27,0.0,76.3,0.0,0,3,0,0,0,1,3.7,112,5.1,0,100.0,6,8,-2.2,1.21,2,0,0.0,75.0,6,2,0.0,8,9.4,0,1,,70.9,62.4,71.9,62.1,,,0,0,9,0.0,78.6,0.0,0,0,0,0,0,0,0.0,27,3.4,-0.76
Ian Book,40216,QB,NO,3,-0.42,0,84,20,75.5,53,58,6.5,3.13,0,2,3.2,60.3,35,30,12.5,77,91.7,5,24,,84.1,73.9,82.4,70.7,,69.6,0,2,83,26.7,69.2,10.4,8,11,1,4,2,1,1.2,274,4.7,75.0,48,51,6.0,2.98,0,2,3.7,64.7,33,25,8.3,68,81.0,3,21,,83.2,76.6,82.1,73.0,,71.2,0,2,72,28.0,72.0,10.3,7,10,1,2,2,1,1.4,236,4.6,91.7,12,14,2.4,3.29,0,0,0.0,64.3,9,5,18.2,16,19.0,2,5,,74.8,59.3,74.5,60.6,,58.3,0,0,19,20.0,79.2,6.3,1,1,0,2,0,0,0.0,79,5.6,0,100.0,7,7,-3.6,1.99,0,0,0.0,100.0,7,0,0.0,7,8.3,0,2,,70.3,66.6,71.5,66.0,,,0,0,8,,91.1,0.0,0,0,0,0,0,0,0.0,41,5.9,1.01
Jordan Love,40306,QB,GB,3,10.43,0,81,12,64.6,65,66,10.7,2.77,1,5,7.1,50.0,33,16,21.4,73,90.1,9,19,,83.6,62.9,81.8,61.6,,62.1,0,4,78,12.5,57.6,2.7,2,5,0,0,3,3,3.8,380,5.8,63.6,55,55,9.8,2.58,0,3,5.2,52.7,29,11,17.1,61,75.3,6,13,,82.4,53.5,81.4,52.7,,58.2,0,4,64,9.1,57.0,1.6,1,5,0,0,3,3,4.7,305,5.5,83.3,18,19,7.6,2.8,1,2,10.0,63.2,12,5,20.0,20,24.7,3,8,,75.6,85.8,75.0,82.0,,64.0,0,0,22,20.0,83.7,5.0,1,0,0,0,0,0,0.0,132,6.9,0,100.0,8,8,-2.9,1.38,0,0,0.0,100.0,8,0,0.0,8,9.9,0,2,,70.3,66.8,71.5,66.2,,,0,0,8,,96.4,0.0,0,0,0,0,0,0,0.0,57,7.1,1.4
Bailey Zappe,60396,QB,NE,3,40.0,0,75,19,74.2,62,67,10.2,2.62,2,2,2.9,61.2,41,23,10.9,71,94.7,5,21,,83.2,64.7,81.3,62.9,,65.3,0,3,72,13.0,67.0,4.2,3,1,0,3,1,2,2.8,444,6.6,73.3,60,65,9.8,2.59,2,2,3.0,60.0,39,22,11.4,69,92.0,5,19,,83.0,61.8,81.3,60.0,,65.3,0,3,70,13.6,64.1,4.3,3,1,0,3,1,2,2.9,407,6.3,100.0,6,6,5.7,2.23,0,0,0.0,100.0,6,1,0.0,6,8.0,0,3,,68.9,79.8,70.6,78.1,,,0,0,6,0.0,104.9,0.0,0,0,0,0,0,0,0.0,55,9.2,0,100.0,4,4,-1.8,1.6,0,0,0.0,100.0,4,0,0.0,4,5.3,0,1,,66.9,64.7,69.2,64.2,,,0,0,4,,85.4,0.0,0,0,0,0,0,0,0.0,18,4.5,2.91
Kyle Trask,39987,QB,TB,3,-41.67,0,74,30,72.2,54,58,10.6,2.61,2,5,8.5,60.3,35,19,10.3,65,87.8,4,17,,42.1,75.4,81.5,74.8,,56.8,0,2,68,36.8,73.6,10.8,7,0,1,1,1,2,2.9,415,7.2,78.0,59,63,7.8,2.41,2,5,7.8,66.7,42,18,8.7,70,94.6,4,18,,44.6,80.5,81.6,79.8,,56.8,0,2,73,38.9,79.6,10.0,7,0,1,1,1,1,1.4,452,7.2,25.0,4,4,21.8,3.33,0,0,0.0,25.0,1,1,0.0,4,5.4,0,1,,66.9,31.2,69.2,33.7,,,0,0,4,0.0,39.6,0.0,0,0,0,0,0,1,25.0,5,1.3,0,88.9,9,9,-2.9,1.43,0,0,0.0,88.9,8,0,0.0,9,12.2,0,2,,70.9,61.7,71.9,61.4,,,0,0,9,,86.1,0.0,0,0,0,0,0,0,0.0,42,4.7,-5.92
Malik Willis,60341,QB,TEN,3,-0.45,0,71,31,65.9,44,48,10.5,3.75,0,1,2.0,52.1,25,33,13.8,66,93.0,4,21,,82.8,63.1,81.3,54.6,,79.2,1,1,69,24.2,76.8,12.1,8,10,0,3,2,1,1.4,301,6.3,64.9,37,40,8.1,3.66,0,0,0.0,55.0,22,26,8.3,51,71.8,2,14,,81.4,52.6,80.9,49.5,,61.9,0,1,54,15.4,75.2,7.8,4,7,0,3,2,1,1.9,202,5.1,80.0,10,11,14.5,3.87,0,1,8.3,54.5,6,9,25.0,20,28.2,2,8,,75.4,85.8,74.9,68.8,,91.0,1,0,21,55.6,91.5,25.0,5,4,0,0,0,0,0.0,116,10.5,0,100.0,3,3,-5.0,3.38,0,0,0.0,100.0,3,2,0.0,5,7.0,0,1,,68.9,62.8,70.6,60.9,,61.8,0,0,6,50.0,90.3,20.0,1,1,0,0,0,0,0.0,17,5.7,5.5
Jake Browning,46401,QB,CIN,3,-24.65,0,71,7,78.6,56,61,9.6,3.07,1,2,2.9,67.2,41,27,6.8,68,95.8,3,27,,45.0,76.4,80.8,74.7,,64.7,1,0,75,7.4,94.4,2.9,2,5,0,3,1,1,1.3,452,7.4,82.0,50,55,8.5,3.03,1,2,3.4,69.1,38,21,7.3,61,85.9,3,23,,39.4,76.9,80.4,74.5,,67.4,1,0,64,9.5,95.9,3.3,2,4,0,3,1,1,1.6,398,7.2,57.1,7,9,15.3,3.07,0,0,0.0,44.4,4,7,0.0,10,14.1,0,4,,73.2,64.2,73.5,65.2,,58.3,0,0,14,0.0,64.1,0.0,0,1,0,2,0,0,0.0,54,6.0,0,100.0,1,3,-2.0,2.3,0,0,0.0,33.3,1,1,0.0,3,4.2,0,0,,65.5,56.3,68.2,56.6,,,0,0,3,0.0,42.4,0.0,0,0,0,2,0,0,0.0,0,0.0,-1.24
Brett Rypien,46487,QB,DEN,3,-4.88,0,69,10,70.9,55,57,9.4,2.68,1,4,6.8,63.2,36,13,7.7,61,88.4,3,21,,54.9,63.7,80.3,64.2,,55.0,0,1,63,7.7,82.9,1.6,1,3,0,1,1,2,3.2,406,7.1,75.0,52,54,7.4,2.42,1,4,7.3,68.5,37,11,5.1,57,82.6,2,18,,52.9,63.5,80.1,63.6,,56.9,0,1,58,9.1,77.7,1.8,1,2,0,1,0,2,3.4,340,6.3,72.7,11,11,10.0,3.21,0,0,0.0,63.6,7,2,12.5,12,17.4,1,5,,73.2,65.8,73.5,67.0,,58.3,0,0,14,0.0,123.7,0.0,0,1,0,0,1,0,0.0,101,9.2,0,100.0,8,8,-2.5,1.63,0,0,0.0,100.0,8,0,0.0,8,11.6,0,2,,70.9,67.4,71.9,66.7,,,0,0,9,,84.9,0.0,0,0,0,0,0,0,0.0,35,4.4,2.88
Bryce Perkins,35299,QB,LA,3,-10.67,0,65,26,75.6,45,46,7.4,3.48,0,0,0.0,71.7,33,31,2.9,62,95.4,1,21,,83.2,71.4,81.8,61.6,,82.3,0,0,69,16.1,111.3,8.1,5,11,0,1,2,1,1.4,386,8.4,76.9,39,41,6.8,3.15,0,0,0.0,73.2,30,26,0.0,51,78.5,0,17,,82.2,69.2,81.5,57.1,,89.8,0,0,57,19.2,114.8,9.8,5,5,0,2,2,1,1.8,349,8.5,75.0,8,8,7.3,4.42,0,0,0.0,62.5,5,6,16.7,14,21.5,1,5,,73.5,70.9,73.7,75.6,,58.3,0,0,15,0.0,80.2,0.0,0,6,0,0,0,0,0.0,50,6.3,0,100.0,2,3,-5.0,2.3,0,0,0.0,66.7,2,1,0.0,3,4.6,0,1,,65.5,60.0,68.2,59.9,,,0,0,3,0.0,75.7,0.0,0,0,0,1,0,0,0.0,13,4.3,-2.26
Easton Stick,29466,QB,LAC,3,14.91,0,64,27,67.3,52,55,8.6,2.57,2,2,3.3,56.4,31,15,11.4,59,92.2,4,16,,82.1,70.2,80.3,65.4,,80.1,1,2,64,13.3,55.6,3.4,2,2,0,0,0,1,1.6,287,5.2,67.4,43,46,5.9,2.46,2,1,2.0,56.5,26,13,10.3,50,78.1,3,12,,81.0,70.5,79.8,65.0,,80.1,1,1,53,15.4,58.2,4.0,2,2,0,0,0,0,0.0,199,4.3,78.6,14,14,12.6,2.88,0,1,6.3,71.4,10,2,9.1,14,21.9,1,7,,73.9,65.5,73.9,64.9,,,0,1,16,0.0,93.8,0.0,0,0,0,0,1,1,6.3,128,9.1,0,100.0,5,5,-3.4,2.32,0,0,0.0,100.0,5,0,0.0,5,7.8,0,3,,68.0,65.3,69.9,64.7,,,0,0,5,,139.6,0.0,0,0,0,0,1,0,0.0,40,8.0,4.81
Desmond Ridder,55086,QB,ATL,3,-1.29,0,64,2,66.0,47,50,13.2,2.98,0,2,3.8,56.0,28,20,9.7,58,90.6,3,23,,81.9,70.4,13.0,65.4,,79.9,0,2,62,10.0,84.7,3.4,2,6,0,3,3,4,6.5,391,7.8,71.4,28,31,8.0,2.37,0,1,3.0,61.3,19,15,5.0,34,53.1,1,13,,78.7,58.4,0.0,59.1,,59.5,0,0,36,6.7,101.7,2.9,1,2,0,3,2,2,5.6,201,6.5,68.0,25,25,15.2,3.38,0,1,3.8,60.0,15,5,11.8,30,46.9,2,12,,77.7,80.0,76.4,70.7,,86.4,0,2,32,20.0,70.4,3.3,1,4,0,0,1,2,6.3,230,9.2,0,100.0,6,6,-3.0,1.52,0,0,0.0,100.0,6,0,0.0,6,9.4,0,2,,68.9,65.7,70.6,65.1,,,0,0,6,,94.4,0.0,0,0,0,0,0,0,0.0,40,6.7,2.72
Shane Buechele,12659,QB,KC,3,1.01,0,62,16,72.1,43,47,9.0,2.64,2,1,2.1,57.4,27,15,12.9,58,93.5,4,16,,81.8,61.3,80.1,60.3,,61.3,0,1,60,20.0,82.7,5.2,3,8,0,2,2,4,6.7,309,6.6,74.3,35,38,8.4,2.69,1,1,2.6,60.5,23,12,11.5,48,77.4,3,13,,80.6,70.3,79.6,69.3,,63.0,0,1,49,25.0,85.5,6.3,3,7,0,2,2,3,6.1,241,6.3,75.0,12,13,7.2,2.19,1,0,0.0,61.5,8,3,11.1,14,22.6,1,5,,73.5,40.1,73.7,42.0,,58.3,0,0,15,0.0,109.1,0.0,0,1,0,0,1,1,6.7,94,7.2,0,100.0,4,4,-1.5,1.53,0,0,0.0,100.0,4,0,0.0,4,6.5,0,2,,66.9,64.7,69.2,64.2,,,0,0,4,,133.3,0.0,0,0,0,0,1,0,0.0,26,6.5,0.89
Jarrett Stidham,13725,QB,LV,4,-23.98,0,59,23,77.1,35,39,10.0,3.22,1,1,2.4,61.5,24,26,11.1,51,86.4,3,17,,80.9,64.5,80.1,64.1,,59.2,0,0,54,26.9,86.5,13.7,7,5,0,3,0,1,1.9,310,7.9,82.4,34,38,7.2,3.08,1,1,2.5,68.4,26,23,7.1,49,83.1,2,14,,80.6,61.5,80.0,61.0,,59.2,0,0,52,26.1,87.3,12.2,6,5,0,3,0,1,1.9,257,6.8,71.4,7,9,11.7,3.05,0,0,0.0,44.4,4,5,20.0,10,16.9,1,4,,71.4,71.7,72.3,70.6,,,0,0,10,20.0,73.8,10.0,1,0,0,2,0,0,0.0,75,8.3,0,100.0,6,8,-3.5,2.2,0,0,0.0,75.0,6,2,0.0,8,13.6,0,1,,70.3,62.0,71.5,61.7,,,0,0,8,0.0,77.1,0.0,0,0,0,2,0,0,0.0,22,2.8,1.57
Kellen Mond,60556,QB,MIN,3,-14.55,0,59,18,72.7,44,46,10.6,3.03,1,3,6.4,56.5,26,18,18.8,54,91.5,6,17,,81.2,65.9,79.8,66.8,,53.1,0,2,55,27.8,72.0,9.3,5,3,0,1,2,3,5.5,292,6.3,71.1,38,40,9.8,2.83,1,3,7.3,60.0,24,15,11.1,46,78.0,3,15,,80.3,61.5,79.4,61.3,,57.9,0,2,47,33.3,76.0,10.9,5,1,0,1,2,3,6.4,270,6.8,80.0,10,11,7.6,3.37,1,0,0.0,45.5,5,3,37.5,13,22.0,3,2,,72.8,71.0,73.2,74.8,,54.5,0,0,13,0.0,52.5,0.0,0,2,0,0,0,0,0.0,33,3.0,0,75.0,4,5,-4.3,2.08,1,0,0.0,60.0,3,0,0.0,5,8.5,0,0,,68.0,54.7,69.9,55.0,,,0,0,5,,64.6,0.0,0,0,0,0,0,0,0.0,11,2.2,-3.75
Reid Sinnett,37397,QB,PHI,3,30.56,0,59,24,65.9,44,46,8.3,2.89,0,1,2.0,52.2,24,22,17.2,57,96.6,5,11,,40.1,31.3,80.5,30.1,,57.5,1,1,61,27.3,73.6,10.5,6,5,0,1,2,4,6.6,249,5.4,63.6,33,36,8.3,2.77,0,0,0.0,44.4,16,20,23.8,45,76.3,5,7,,31.2,28.9,80.0,27.5,,70.1,1,1,48,30.0,43.4,13.3,6,3,0,2,0,4,8.3,137,3.8,75.0,12,12,7.6,3.21,0,1,7.7,75.0,9,4,0.0,14,23.7,0,4,,73.9,58.0,73.9,66.5,,46.2,0,0,16,0.0,144.8,0.0,0,2,0,0,2,0,0.0,117,9.8,0,100.0,1,2,-1.0,2.45,0,0,0.0,50.0,1,2,0.0,2,3.4,0,0,,65.5,60.1,68.2,60.1,,,0,0,3,0.0,56.3,0.0,0,0,0,1,0,0,0.0,5,2.5,5.94
Joshua Dobbs,11890,QB,CLV,3,6.21,0,57,8,76.6,47,47,8.1,2.85,0,1,1.9,68.1,32,11,11.1,51,89.5,4,19,,38.6,82.7,80.6,78.5,,75.1,0,0,57,0.0,99.6,0.0,0,4,0,0,2,1,1.8,300,6.4,77.3,44,46,7.7,2.56,2,1,2.0,65.2,30,9,11.8,48,84.2,4,15,,35.3,74.9,80.5,75.9,,52.6,0,0,52,0.0,88.5,0.0,0,2,0,0,1,1,1.9,274,6.0,71.4,7,7,5.0,4.13,0,0,0.0,71.4,5,4,0.0,9,15.8,0,6,,71.9,86.9,72.6,68.7,,88.6,0,0,11,0.0,139.9,0.0,0,2,0,0,1,0,0.0,65,9.3,0,75.0,4,6,-2.3,2.4,2,0,0.0,50.0,3,2,0.0,6,10.5,0,2,,68.9,53.0,70.6,53.4,,,0,0,6,0.0,70.8,0.0,0,0,0,0,0,0,0.0,39,6.5,3.33
Brock Purdy,77672,QB,SF,3,-13.41,0,57,28,77.5,40,42,10.8,3.34,0,5,11.4,61.9,26,18,16.1,50,87.7,5,18,,81.3,82.6,80.3,85.5,,50.2,0,1,52,22.2,82.1,8.0,4,4,0,2,1,2,3.8,307,7.3,79.5,39,41,9.1,2.94,0,5,11.4,63.4,26,13,16.1,47,82.5,5,17,,81.1,83.5,80.3,86.7,,50.2,0,1,50,15.4,85.1,4.3,2,4,0,2,1,2,4.0,317,7.7,71.4,7,8,7.3,4.08,0,0,0.0,50.0,4,6,20.0,10,17.5,1,1,,71.4,59.5,72.3,59.4,,,0,0,10,33.3,58.9,20.0,2,0,0,1,0,0,0.0,29,3.6,0,83.3,6,7,-4.7,1.73,0,0,0.0,57.1,4,1,20.0,7,12.3,1,0,,70.3,58.2,71.5,58.2,,,0,0,8,0.0,72.9,0.0,0,0,0,1,0,0,0.0,39,5.6,-4.1
Josh Johnson,4474,QB,DEN,3,-20.73,0,55,10,78.3,46,47,8.2,2.73,0,4,7.5,68.1,32,18,11.1,49,89.1,4,13,,81.2,82.8,80.3,83.4,,51.4,1,0,55,0.0,102.2,0.0,0,2,0,0,2,0,0.0,329,7.0,87.2,39,41,7.1,2.41,1,3,6.8,70.7,29,12,14.7,42,76.4,5,10,,79.9,87.8,79.9,87.8,,54.6,1,0,45,0.0,107.6,0.0,0,1,0,0,2,0,0.0,298,7.3,50.0,12,12,7.5,3.28,0,1,6.7,50.0,6,7,0.0,13,23.6,0,3,,73.9,55.8,73.9,57.2,,58.3,0,0,16,0.0,61.5,0.0,0,1,0,0,0,0,0.0,51,4.3,0,80.0,5,6,-1.6,1.73,1,0,0.0,50.0,3,1,25.0,6,10.9,1,0,,68.9,56.0,70.6,56.2,,,0,0,6,0.0,57.6,0.0,0,0,0,0,0,0,0.0,20,3.3,-3.02
Mike White,46453,QB,NYJ,3,15.95,0,55,22,73.9,46,49,9.8,2.44,1,1,1.9,61.2,30,11,11.8,50,90.9,4,15,,80.8,60.9,80.1,62.7,,47.8,1,0,53,0.0,86.7,0.0,0,1,0,1,1,1,1.9,315,6.4,76.3,38,41,8.0,2.23,1,1,2.3,61.0,25,9,13.8,42,76.4,4,11,,79.6,58.6,79.7,60.9,,47.8,1,0,44,0.0,94.1,0.0,0,1,0,1,2,1,2.3,245,6.0,76.9,13,13,10.2,2.87,0,0,0.0,76.9,10,2,0.0,13,23.6,0,5,,73.2,67.2,73.5,66.5,,,0,0,14,0.0,102.4,0.0,0,0,0,0,0,0,0.0,113,8.7,0,100.0,5,5,-2.8,1.74,0,0,0.0,100.0,5,0,0.0,5,9.1,0,1,,68.0,65.1,69.9,64.6,,,0,0,5,,142.1,0.0,0,0,0,0,1,0,0.0,43,8.6,2.71
Chase Daniel,5214,QB,LAC,3,-7.42,0,55,27,78.9,38,43,9.3,2.8,4,2,4.3,65.1,28,18,6.7,49,89.1,2,20,,80.6,73.1,80.1,69.7,,71.3,1,0,52,22.2,110.7,8.2,4,2,0,0,3,2,3.8,321,7.5,82.9,35,38,7.1,2.64,2,1,2.4,71.1,27,13,6.9,44,80.0,2,17,,80.0,70.4,79.8,66.8,,71.3,1,0,47,30.8,100.0,9.1,4,2,0,0,1,2,4.3,273,7.2,77.8,9,11,9.7,3.05,2,1,9.1,63.6,7,6,0.0,11,20.0,0,3,,71.9,75.3,72.6,74.0,,,0,0,11,0.0,120.5,0.0,0,0,0,0,2,0,0.0,68,6.2,0,100.0,6,6,-3.5,2.1,0,0,0.0,100.0,6,1,0.0,6,10.9,0,0,,68.9,65.6,70.6,65.1,,,0,0,6,0.0,80.6,0.0,0,0,0,0,0,0,0.0,20,3.3,-1.0
Skylar Thompson,60417,QB,MIA,3,6.26,0,54,17,82.1,39,42,10.6,3.0,0,2,4.7,71.4,30,17,6.3,48,88.9,2,22,,24.0,71.3,79.9,74.9,,45.4,1,0,49,17.6,145.3,6.3,3,3,0,2,5,2,4.1,445,10.6,79.2,24,25,8.9,2.38,0,2,8.0,72.0,18,9,5.3,29,53.7,1,7,,27.6,63.5,78.9,70.8,,36.6,1,0,29,33.3,119.8,10.3,3,1,0,0,2,0,0.0,186,7.4,90.5,21,23,8.5,3.36,0,0,0.0,78.3,18,8,5.3,25,46.3,1,15,,25.2,77.0,75.6,74.1,,66.4,0,0,26,0.0,154.1,0.0,0,2,0,2,3,2,7.7,264,11.5,0,100.0,6,6,-3.5,1.48,0,0,0.0,100.0,6,0,0.0,6,11.1,0,0,,68.9,65.9,70.6,65.4,,,0,0,6,,79.2,0.0,0,0,0,0,0,0,0.0,5,0.8,4.04
Case Keenum,7323,QB,BUF,3,-19.44,0,54,4,75.0,44,45,8.4,2.68,0,2,4.3,71.1,32,20,3.0,50,92.6,1,17,,80.7,70.4,80.1,69.9,,58.1,0,3,52,15.0,70.7,6.0,3,2,0,1,1,1,1.9,321,7.1,81.6,38,40,5.9,2.55,1,1,2.3,75.0,30,16,3.2,44,81.5,1,13,,80.1,68.2,79.9,67.9,,58.1,0,2,47,12.5,76.1,4.5,2,2,0,1,1,1,2.1,231,5.8,55.6,9,9,14.2,2.91,0,1,11.1,55.6,5,4,0.0,10,18.5,0,4,,71.4,70.2,72.3,69.2,,,0,1,10,25.0,53.2,10.0,1,0,0,0,0,0,0.0,96,10.7,0,100.0,3,4,-5.3,1.78,1,0,0.0,75.0,3,0,0.0,4,7.4,0,0,,68.0,62.2,69.9,61.9,,,0,0,5,,77.1,0.0,0,0,0,0,0,0,0.0,6,1.5,4.89
Chase Garbers,60356,QB,LV,4,44.44,0,53,23,75.0,32,35,8.3,3.21,2,0,0.0,60.0,21,18,12.5,48,90.6,3,12,,81.7,68.7,80.7,61.1,,77.5,0,0,51,33.3,79.1,12.5,6,7,0,1,0,1,2.0,227,6.5,71.9,32,36,6.1,2.95,2,0,0.0,55.6,20,15,13.0,46,86.8,3,8,,81.3,58.6,80.6,56.0,,63.1,0,0,48,33.3,68.1,10.9,5,5,0,2,0,1,2.1,170,4.7,100.0,4,4,15.5,4.2,0,0,0.0,100.0,4,3,0.0,7,13.2,0,5,,70.3,91.4,71.5,73.7,,86.7,0,0,8,33.3,118.8,14.3,1,2,0,0,0,0,0.0,79,19.8,0,75.0,4,5,-2.3,2.18,0,0,0.0,60.0,3,0,0.0,5,9.4,0,1,,68.0,54.5,69.9,54.8,,,0,0,5,,70.4,0.0,0,0,0,1,0,0,0.0,22,4.4,15.03
Phillip Walker,12134,QB,CAR,3,-18.18,0,52,5,60.0,40,41,11.7,2.59,1,1,2.4,56.1,23,12,4.2,49,94.2,1,16,,30.0,48.5,0.0,48.3,,66.4,0,2,49,50.0,57.4,12.2,6,2,0,0,0,4,8.2,284,6.9,68.8,32,33,10.1,2.37,1,1,3.0,63.6,21,10,4.5,40,76.9,1,14,,28.2,58.6,0.0,57.3,,65.6,0,1,40,60.0,74.9,15.0,6,1,0,0,0,3,7.5,257,7.8,45.5,11,11,12.0,3.27,0,0,0.0,45.5,5,2,0.0,12,23.1,0,2,,72.4,35.0,72.9,37.3,,58.3,0,1,12,0.0,15.7,0.0,0,1,0,0,0,1,8.3,36,3.3,0,100.0,3,3,-4.3,2.37,0,0,0.0,100.0,3,0,0.0,3,5.8,0,0,,65.5,63.5,68.2,63.1,,,0,0,3,,79.2,0.0,0,0,0,0,0,0,0.0,9,3.0,-4.52
EJ Perry,60349,QB,JAX,2,-15.26,0,51,15,66.7,39,44,9.0,2.58,4,2,4.3,50.0,22,17,15.4,47,92.2,4,10,,80.7,63.8,79.4,61.2,,69.0,0,3,50,17.6,50.7,6.4,3,0,0,1,1,1,2.0,293,6.7,73.5,34,38,7.0,2.39,3,2,5.0,55.3,21,13,16.0,40,78.4,4,7,,79.7,69.5,78.9,66.4,,69.0,0,3,42,15.4,47.3,5.0,2,0,0,1,1,1,2.4,212,5.6,44.4,9,10,10.9,2.84,1,0,0.0,40.0,4,4,0.0,11,21.6,0,3,,72.4,49.9,72.9,50.6,,,0,0,12,25.0,69.6,9.1,1,0,0,0,0,0,0.0,82,8.2,0,75.0,4,4,-4.3,1.38,0,0,0.0,75.0,3,0,0.0,4,7.8,0,0,,66.9,64.2,69.2,63.7,,,0,0,4,,77.1,0.0,0,0,0,0,0,0,0.0,1,0.3,2.62
Tim Boyle,21956,QB,DET,3,-14.45,0,50,11,66.7,39,45,7.9,2.63,5,1,2.1,57.8,26,14,0.0,49,98.0,0,15,,34.1,51.3,80.2,49.3,,66.1,0,2,52,21.4,71.9,6.1,3,1,0,1,2,3,5.8,274,6.1,69.0,29,33,8.2,2.6,3,1,2.9,60.6,20,11,0.0,35,70.0,0,12,,28.4,59.6,79.6,57.1,,66.1,0,2,38,9.1,74.4,2.9,1,1,0,1,2,3,7.9,213,6.5,63.6,11,13,6.2,2.63,2,0,0.0,46.2,6,3,14.3,15,30.0,1,3,,73.5,37.9,73.7,39.4,,,0,0,15,66.7,60.1,13.3,2,0,0,0,0,0,0.0,61,4.7,0,100.0,1,1,-2.0,1.7,0,0,0.0,0.0,0,0,100.0,1,2.0,1,0,,60.4,60.3,64.6,60.1,,,0,0,1,,39.6,0.0,0,0,0,0,0,0,0.0,0,0.0,-1.76
Logan Woodside,46517,QB,TEN,3,-18.41,0,50,31,72.2,36,41,9.4,2.71,1,0,0.0,56.1,23,19,11.5,47,94.0,3,11,,80.3,59.0,79.3,58.0,,61.3,2,3,48,5.3,36.5,2.1,1,5,0,2,0,1,2.1,179,4.4,77.4,31,35,6.7,2.38,1,0,0.0,62.9,22,14,8.3,37,74.0,2,11,,79.1,67.6,78.8,64.3,,69.7,2,2,39,0.0,49.2,0.0,0,2,0,1,0,0,0.0,156,4.5,62.5,8,9,15.1,3.37,0,0,0.0,44.4,4,5,20.0,13,26.0,1,1,,72.8,42.9,73.2,46.4,,52.3,0,1,13,20.0,20.4,7.7,1,3,0,1,0,1,7.7,45,5.0,0,100.0,3,3,-3.0,1.53,0,0,0.0,100.0,3,0,0.0,3,6.0,0,1,,66.9,64.5,69.2,64.0,,,0,0,4,,97.2,0.0,0,0,0,0,0,0,0.0,22,7.3,0.54
Anthony Brown,40316,QB,BLT,3,9.6,0,50,3,79.5,44,45,9.8,2.58,1,5,10.9,73.3,33,8,5.7,48,96.0,2,17,,31.9,81.3,80.1,82.9,,53.5,0,1,49,0.0,118.1,0.0,0,3,0,0,3,2,4.1,453,10.1,80.0,35,36,9.2,2.46,1,4,10.8,72.2,26,6,7.1,39,78.0,2,13,,28.8,78.1,79.7,80.3,,53.5,0,1,40,0.0,109.7,0.0,0,3,0,0,2,2,5.0,350,9.7,81.8,11,11,9.0,2.95,0,1,9.1,81.8,9,2,0.0,11,22.0,0,4,,71.9,77.8,72.6,76.3,,,0,0,11,0.0,140.2,0.0,0,0,0,0,1,0,0.0,114,10.4,0,100.0,2,2,-6.0,2.35,0,0,0.0,100.0,2,0,0.0,2,4.0,0,0,,63.6,62.2,66.9,61.9,,,0,0,2,,89.6,0.0,0,0,0,0,0,0,0.0,11,5.5,0.64
Sean Mannion,9522,QB,MIN,3,2.22,0,47,18,78.4,37,40,8.2,2.57,1,0,0.0,62.5,25,9,13.8,44,93.6,4,16,,29.4,47.5,79.8,48.4,,55.7,0,0,46,33.3,80.7,6.8,3,1,0,2,0,3,6.5,255,6.4,74.1,27,29,8.2,2.38,1,0,0.0,62.1,18,6,10.0,33,70.2,2,10,,26.9,36.0,79.3,37.1,,55.7,0,0,34,50.0,78.7,9.1,3,1,0,1,0,3,8.8,173,6.0,92.3,13,14,5.5,2.9,0,0,0.0,64.3,9,3,25.0,14,29.8,3,6,,73.5,78.5,73.7,76.9,,,0,0,15,0.0,83.0,0.0,0,0,0,1,0,0,0.0,92,6.6,0,100.0,3,3,-3.0,2.1,0,0,0.0,66.7,2,0,33.3,3,6.4,1,0,,65.5,63.8,68.2,63.4,,,0,0,3,,71.5,0.0,0,0,0,0,0,0,0.0,10,3.3,0.6
Matt Barkley,7880,QB,BUF,3,25.12,0,47,4,81.0,42,42,7.3,2.53,0,3,6.8,76.2,32,16,5.9,44,93.6,2,17,,80.3,76.9,79.8,75.4,,60.0,0,1,46,12.5,91.5,4.5,2,0,0,0,0,1,2.2,361,8.6,74.2,31,31,7.4,2.38,0,3,9.1,67.7,21,10,8.7,33,70.2,2,8,,78.7,68.0,79.3,66.7,,60.0,0,1,35,20.0,74.0,6.1,2,0,0,0,0,1,2.9,215,6.9,92.9,14,14,4.9,2.74,0,0,0.0,92.9,13,6,0.0,14,29.8,0,11,,73.2,86.5,73.5,84.3,,,0,0,14,0.0,118.5,0.0,0,0,0,0,0,0,0.0,174,12.4,0,66.7,3,3,-3.3,1.83,0,0,0.0,66.7,2,0,0.0,3,6.4,0,2,,65.5,63.6,68.2,63.2,,,0,0,3,,96.5,0.0,0,0,0,0,0,0,0.0,28,9.3,5.49
Geno Smith,7820,QB,SEA,3,9.09,0,45,29,80.6,31,34,8.1,3.13,2,5,13.5,52.9,18,10,28.0,40,88.9,7,12,,79.5,90.7,78.9,88.7,,67.9,0,0,43,40.0,76.2,10.0,4,2,0,1,0,0,0.0,245,7.2,80.6,31,33,6.9,2.85,2,5,13.9,57.6,19,7,24.0,37,82.2,6,9,,79.0,90.5,78.8,88.8,,62.6,0,0,40,42.9,77.0,8.1,3,1,0,0,0,0,0.0,213,6.5,100.0,5,6,3.8,3.49,0,0,0.0,66.7,4,3,20.0,8,17.8,1,3,,70.3,71.2,71.5,67.6,,62.6,0,0,8,33.3,87.5,12.5,1,1,0,1,0,0,0.0,43,7.2,0,100.0,5,5,-3.6,1.7,0,0,0.0,100.0,5,0,0.0,5,11.1,0,0,,68.0,65.2,69.9,64.6,,,0,0,5,,79.2,0.0,0,0,0,0,0,0,0.0,11,2.2,0.72
Jake Luton,17287,QB,JAX,2,-43.64,0,42,15,75.0,32,38,8.4,2.72,2,1,2.4,57.9,22,13,8.3,42,100.0,2,8,,79.9,47.0,78.5,47.4,,,1,1,46,30.8,59.8,9.5,4,0,0,3,0,2,4.3,186,4.9,76.7,30,33,8.7,2.67,1,1,2.9,63.6,21,11,8.7,36,85.7,2,8,,78.7,50.7,78.0,50.8,,,1,1,38,27.3,65.2,8.3,3,0,0,1,0,2,5.3,180,5.5,50.0,2,5,4.0,3.05,1,0,0.0,20.0,1,2,0.0,6,14.3,0,0,,70.3,43.4,71.5,44.5,,,0,0,8,50.0,39.6,16.7,1,0,0,2,0,0,0.0,6,1.2,0,,0,0,,,0,0,,,0,0,,0,0.0,0,0,,,,,,,,0,0,0,,0.0,,0,0,0,0,0,0,,0,,-4.25
Drew Lock,39517,QB,SEA,2,31.48,0,42,29,69.4,36,36,10.2,2.76,0,2,4.9,58.3,21,11,16.0,39,92.9,4,12,,79.9,70.2,80.0,67.5,,67.7,0,3,44,18.2,75.3,5.1,2,1,0,0,3,2,4.5,273,7.6,66.7,27,27,9.2,2.43,0,1,3.4,51.9,14,9,22.2,28,66.7,4,6,,77.7,67.3,79.4,63.0,,70.6,0,3,30,11.1,45.4,3.6,1,0,0,0,2,2,6.7,97,3.6,83.3,12,12,9.3,3.21,0,1,6.7,83.3,10,2,0.0,14,33.3,0,7,,74.2,70.7,74.1,71.3,,58.3,0,0,17,50.0,146.5,7.1,1,1,0,0,1,0,0.0,176,14.7,0,100.0,3,3,-2.3,1.77,0,0,0.0,100.0,3,0,0.0,3,7.1,0,1,,65.5,63.6,68.2,63.2,,,0,0,3,,79.2,0.0,0,0,0,0,0,0,0.0,0,0.0,11.08
Brandon Allen,10835,QB,CIN,3,14.75,0,42,7,80.6,36,37,8.2,2.47,0,2,5.3,73.0,27,14,6.9,41,97.6,2,10,,29.4,67.4,79.2,63.9,,70.9,0,0,42,28.6,92.3,9.8,4,0,0,1,0,2,4.8,261,7.1,80.0,30,31,9.0,2.39,0,2,6.3,71.0,22,13,8.3,34,81.0,2,9,,28.1,66.9,78.8,63.0,,70.9,0,0,35,23.1,93.1,8.8,3,0,0,1,0,2,5.7,237,7.6,85.7,7,7,3.0,2.76,0,0,0.0,85.7,6,2,0.0,8,19.0,0,1,,70.3,65.1,71.5,64.6,,,0,0,8,50.0,82.7,12.5,1,0,0,0,0,0,0.0,27,3.9,0,100.0,1,1,-4.0,2.2,0,0,0.0,100.0,1,1,0.0,1,2.4,0,0,,60.4,60.2,64.6,60.0,,,0,0,1,0.0,79.2,0.0,0,0,0,0,0,0,0.0,3,3.0,-3.79
Nate Sudfeld,10821,QB,SF,3,-38.57,0,41,28,73.7,38,38,10.7,2.64,0,1,2.6,68.4,26,13,7.1,41,100.0,2,12,,79.5,70.0,79.7,69.6,,60.0,0,1,42,23.1,93.5,7.3,3,0,0,0,2,0,0.0,254,6.7,85.7,28,28,8.5,2.37,0,0,0.0,78.6,22,11,8.3,31,75.6,2,10,,78.0,80.3,79.2,79.8,,60.0,0,1,32,27.3,108.2,9.7,3,0,0,0,2,0,0.0,219,7.8,40.0,10,10,17.0,3.46,0,1,10.0,40.0,4,2,0.0,10,24.4,0,2,,71.4,43.8,72.3,45.1,,,0,0,10,0.0,50.0,0.0,0,0,0,0,0,0,0.0,35,3.5,0,,0,0,,,0,0,,,0,0,,0,0.0,0,0,,,,,,,,0,0,0,,0.0,,0,0,0,0,0,0,,0,,-4.32
Tyrod Taylor,6332,QB,NYG,3,-9.45,0,41,21,81.3,32,36,9.8,3.3,2,0,0.0,61.1,22,17,15.4,40,97.6,4,9,,79.6,54.9,78.8,56.4,,52.3,0,1,44,11.8,73.3,5.0,2,2,0,2,1,1,2.3,195,5.4,78.3,23,25,7.3,3.09,1,0,0.0,64.0,16,12,11.1,27,65.9,2,6,,77.2,54.3,77.7,54.8,,58.3,0,1,29,8.3,71.9,3.7,1,1,0,1,1,1,3.4,119,4.8,88.9,9,11,16.4,3.79,1,0,0.0,54.5,6,6,25.0,14,34.1,2,4,,73.9,62.6,73.9,60.4,,64.2,0,0,16,16.7,76.3,7.1,1,2,0,1,0,0,0.0,76,6.9,0,,0,0,,4.3,0,0,,,0,1,,1,2.4,0,1,,60.4,72.1,64.6,,,65.9,0,0,1,0.0,0.0,0.0,0,1,0,0,0,0,0.0,0,,2.15
Jacob Eason,46444,QB,SEA,2,1.43,0,41,29,67.6,34,39,10.1,2.5,1,0,0.0,48.7,19,10,17.4,41,100.0,4,10,,79.6,60.8,78.7,60.9,,58.2,1,1,44,10.0,47.8,2.4,1,1,0,3,0,0,0.0,148,3.8,65.6,32,35,9.9,2.41,1,0,0.0,48.6,17,9,19.0,37,90.2,4,8,,79.0,57.1,78.5,57.5,,58.2,1,1,40,11.1,44.0,2.7,1,1,0,1,0,0,0.0,112,3.2,100.0,2,4,13.5,3.33,0,0,0.0,50.0,2,1,0.0,4,9.8,0,2,,66.9,77.1,69.2,75.5,,,0,0,4,0.0,81.3,0.0,0,0,0,2,0,0,0.0,36,9.0,0,,0,0,,,0,0,,,0,0,,0,0.0,0,0,,,,,,,,0,0,0,,0.0,,0,0,0,0,0,0,,0,,5.8
Kenny Pickett,60515,QB,PIT,3,3.33,0,41,25,83.9,31,33,7.5,2.52,0,1,2.8,78.8,26,9,0.0,38,92.7,0,15,,79.4,80.4,78.9,78.7,,64.6,0,0,41,22.2,128.5,5.3,2,3,1,1,3,0,0.0,250,7.6,85.7,28,30,6.0,2.41,0,0,0.0,80.0,24,8,0.0,34,82.9,0,11,,78.8,76.1,78.6,74.4,,64.6,0,0,37,12.5,116.2,2.9,1,3,1,1,2,0,0.0,197,6.6,83.3,6,6,9.7,2.53,0,1,16.7,83.3,5,1,0.0,7,17.1,0,4,,69.6,81.6,71.1,79.8,,,0,0,7,100.0,150.7,14.3,1,0,0,0,1,0,0.0,64,10.7,0,100.0,3,3,-3.0,1.3,0,0,0.0,100.0,3,0,0.0,3,7.3,0,0,,65.5,63.8,68.2,63.4,,,0,0,3,,81.9,0.0,0,0,0,0,0,0,0.0,11,3.7,4.1
Gardner Minshew,41401,QB,PHI,3,1.92,0,40,24,79.4,34,34,8.0,2.54,0,1,2.7,73.5,25,12,7.4,36,90.0,2,13,,79.3,65.8,79.9,65.2,,59.0,0,0,39,8.3,95.3,2.8,1,1,0,0,0,1,2.6,261,7.7,80.8,26,26,6.7,2.34,0,1,3.6,73.1,19,8,9.5,27,67.5,2,8,,77.7,67.3,79.4,64.9,,63.7,0,0,29,12.5,88.6,3.7,1,0,0,0,0,1,3.4,160,6.2,81.8,11,12,7.9,2.75,0,0,0.0,75.0,9,5,0.0,13,32.5,0,5,,73.2,60.5,73.5,63.0,,56.8,0,0,14,0.0,103.1,0.0,0,1,0,1,0,0,0.0,111,9.3,0,100.0,3,4,-3.7,1.9,0,0,0.0,75.0,3,1,0.0,4,10.0,0,0,,66.9,61.1,69.2,60.9,,,0,0,4,0.0,77.1,0.0,0,0,0,1,0,0,0.0,10,2.5,3.1
Mason Rudolph,46569,QB,PIT,3,0.0,0,40,25,77.1,35,38,7.8,2.28,2,2,4.8,65.8,25,9,7.4,39,97.5,2,13,,79.3,75.1,0.0,75.4,,,0,0,43,11.1,98.2,2.6,1,0,0,1,2,2,4.7,217,5.7,78.8,33,36,7.0,2.25,2,2,5.0,66.7,24,9,7.7,37,92.5,2,13,,79.0,76.9,0.0,77.3,,,0,0,41,11.1,100.5,2.7,1,0,0,1,2,2,4.9,210,5.8,66.7,3,3,11.7,2.63,0,0,0.0,66.7,2,0,0.0,3,7.5,0,0,,65.5,54.2,68.2,54.6,,,0,0,3,,71.5,0.0,0,0,0,0,0,0,0.0,10,3.3,0,100.0,1,1,-7.0,2.3,0,0,0.0,100.0,1,0,0.0,1,2.5,0,0,,60.4,60.3,64.6,60.1,,,0,0,1,,79.2,0.0,0,0,0,0,0,0,0.0,3,3.0,-2.5
Trevor Siemian,9683,QB,CHI,3,-14.81,0,40,6,62.1,29,31,8.3,2.77,0,3,9.4,51.6,16,12,11.1,35,87.5,2,12,,27.4,63.3,79.1,63.3,,58.3,0,0,36,25.0,100.5,8.6,3,1,0,2,3,1,2.8,172,5.5,66.7,27,27,7.1,2.34,0,2,7.4,59.3,16,9,11.1,30,75.0,2,10,,26.0,63.6,78.8,62.7,,,0,0,30,33.3,101.5,10.0,3,0,0,0,2,1,3.3,164,6.1,71.4,7,9,5.6,3.48,0,1,10.0,44.4,4,3,20.0,10,25.0,1,3,,71.9,63.3,72.6,65.2,,58.3,0,0,11,0.0,88.7,0.0,0,1,0,2,1,0,0.0,27,3.0,0,100.0,5,5,-2.0,1.66,0,0,0.0,80.0,4,0,20.0,5,12.5,1,1,,68.0,65.1,69.9,64.6,,,0,0,5,,82.5,0.0,0,0,0,0,0,0,0.0,19,3.8,-3.07
Tyler Huntley,46448,QB,BLT,3,3.7,0,40,3,85.7,35,35,6.9,2.8,0,0,0.0,85.7,30,11,0.0,39,97.5,0,15,,79.5,85.7,79.3,83.3,,67.4,0,0,40,18.2,116.7,5.1,2,2,0,0,2,0,0.0,260,7.4,85.2,27,27,6.9,2.75,0,0,0.0,85.2,23,8,0.0,31,77.5,0,10,,78.1,81.7,78.8,79.2,,67.4,0,0,31,25.0,122.2,6.5,2,2,0,0,2,0,0.0,200,7.4,88.9,9,9,5.8,2.82,0,0,0.0,88.9,8,3,0.0,9,22.5,0,5,,71.4,80.8,72.3,79.0,,,0,0,10,0.0,95.8,0.0,0,0,0,0,0,0,0.0,63,7.0,0,100.0,1,1,-4.0,1.2,0,0,0.0,100.0,1,0,0.0,1,2.5,0,0,,60.4,60.2,64.6,60.0,,,0,0,1,,79.2,0.0,0,0,0,0,0,0,0.0,3,3.0,-0.41
Chris Streveler,46440,QB,NYJ,3,19.62,0,40,22,72.7,33,33,8.6,2.61,0,1,2.7,72.7,24,9,0.0,40,100.0,0,19,,80.0,73.5,79.0,67.7,,75.9,0,1,44,0.0,124.6,0.0,0,7,0,0,5,0,0.0,277,8.4,65.0,20,20,11.0,2.33,0,1,4.3,65.0,13,3,0.0,24,60.0,0,11,,77.3,66.7,78.0,62.1,,70.9,0,1,27,0.0,107.3,0.0,0,4,0,0,4,0,0.0,155,7.8,84.6,13,13,4.9,3.03,0,0,0.0,84.6,11,6,0.0,16,40.0,0,8,,74.2,78.8,74.1,73.7,,70.7,0,0,17,0.0,131.4,0.0,0,3,0,0,1,0,0.0,122,9.4,0,,0,0,,,0,0,,,0,0,,0,0.0,0,0,,,,,,,,0,0,0,,0.0,,0,0,0,0,0,0,,0,,1.63
Mitchell Trubisky,11757,QB,PIT,3,11.03,0,39,25,78.1,32,33,11.3,2.99,0,3,8.1,69.7,23,14,8.0,38,97.4,2,11,,79.5,83.1,78.8,77.5,,78.4,1,0,43,21.4,115.0,7.9,3,2,0,0,2,0,0.0,274,8.3,78.6,28,29,10.8,2.97,0,3,9.7,69.0,20,12,9.1,33,84.6,2,8,,78.4,79.1,78.4,73.1,,78.4,1,0,36,16.7,116.7,6.1,2,2,0,0,2,0,0.0,238,8.2,80.0,5,5,10.8,2.97,0,0,0.0,80.0,4,2,0.0,6,15.4,0,3,,70.3,80.6,71.5,78.8,,,0,0,8,50.0,104.2,16.7,1,0,0,0,0,0,0.0,45,9.0,0,100.0,1,1,-4.0,2.0,0,0,0.0,100.0,1,0,0.0,1,2.6,0,0,,60.4,60.3,64.6,60.1,,,0,0,1,,104.2,0.0,0,0,0,0,0,0,0.0,9,9.0,0.79
Will Grier,38265,QB,DAL,2,32.16,0,39,9,59.3,27,29,11.5,3.01,0,0,0.0,55.2,16,14,0.0,36,92.3,0,12,,79.2,51.1,79.4,48.2,,64.2,0,0,37,28.6,96.9,11.1,4,3,0,2,2,2,5.4,180,6.2,46.7,15,17,11.1,3.1,0,0,0.0,41.2,7,12,0.0,24,61.5,0,5,,77.2,43.3,78.7,37.8,,64.2,0,0,25,33.3,69.7,16.7,4,3,0,2,1,2,8.0,56,3.3,78.6,14,15,10.3,2.53,1,0,0.0,73.3,11,2,0.0,15,38.5,0,8,,73.5,67.9,73.7,67.1,,,0,0,15,0.0,121.5,0.0,0,0,0,0,1,0,0.0,130,8.7,0,100.0,2,3,0.0,1.4,1,0,0.0,66.7,2,0,0.0,3,7.7,0,1,,65.5,60.0,68.2,59.9,,,0,0,3,,70.1,0.0,0,0,0,0,0,0,0.0,6,2.0,5.38
Jarrett Guarantano,40771,QB,ARZ,3,0.62,0,38,1,76.0,25,28,9.5,3.02,1,2,6.9,60.7,17,14,10.5,36,94.7,2,11,,28.7,62.6,0.0,68.0,,51.6,0,0,37,28.6,122.9,11.1,4,4,0,2,3,1,2.7,232,8.3,77.8,18,23,9.6,2.81,3,2,8.7,56.5,13,12,7.1,30,78.9,1,9,,27.3,61.8,0.0,71.7,,44.1,0,0,30,33.3,113.8,13.3,4,3,0,2,3,1,3.3,138,6.0,71.4,7,7,9.3,3.5,0,0,0.0,57.1,4,2,20.0,8,21.1,1,2,,70.9,60.4,71.9,54.0,,65.6,0,0,9,0.0,101.8,0.0,0,1,0,0,0,0,0.0,94,13.4,0,,0,2,,1.75,2,0,0.0,0.0,0,0,,2,5.3,0,0,,63.6,55.5,66.9,56.1,,,0,0,2,,39.6,0.0,0,0,0,0,0,0,0.0,0,0.0,7.43
Sam Ehlinger,60555,QB,IND,3,3.9,0,37,14,91.7,24,26,10.4,3.41,0,1,3.8,84.6,22,13,0.0,34,91.9,0,13,,78.9,91.0,78.7,86.2,,80.4,0,0,35,38.5,146.5,14.7,5,3,0,2,4,0,0.0,251,9.7,90.0,20,22,8.1,2.86,1,1,4.5,81.8,18,7,0.0,26,70.3,0,9,,77.6,77.6,78.2,78.6,,58.9,0,0,27,42.9,142.6,11.5,3,1,0,1,3,0,0.0,192,8.7,100.0,6,7,14.2,4.17,0,0,0.0,85.7,6,6,0.0,11,29.7,0,5,,72.4,94.1,72.9,83.8,,89.3,0,0,12,33.3,158.3,18.2,2,2,0,1,1,0,0.0,97,13.9,0,100.0,2,3,-1.5,1.43,1,0,0.0,66.7,2,0,0.0,3,8.1,0,1,,66.9,61.3,69.2,61.1,,,0,0,4,,109.7,0.0,0,0,0,0,0,0,0.0,38,12.7,5.13
Trevor Lawrence,77632,QB,JAX,2,13.48,0,36,15,64.3,28,30,9.8,3.08,1,1,3.1,56.7,17,11,5.6,33,91.7,1,14,,78.5,59.6,0.0,59.8,,63.3,1,0,35,9.1,89.0,3.0,1,2,0,0,1,0,0.0,206,6.9,66.7,21,23,7.0,2.76,1,0,0.0,56.5,13,7,7.1,25,69.4,1,10,,76.9,57.8,0.0,58.1,,63.3,1,0,26,0.0,75.3,0.0,0,2,0,0,0,0,0.0,144,6.3,70.0,10,10,11.2,3.29,0,1,9.1,70.0,7,4,0.0,11,30.6,0,5,,72.4,64.4,72.9,63.9,,,0,0,12,25.0,128.8,9.1,1,0,0,0,1,0,0.0,84,8.4,0,100.0,3,3,-4.7,1.17,0,0,0.0,100.0,3,0,0.0,3,8.3,0,1,,65.5,63.6,68.2,63.1,,,0,0,3,,97.2,0.0,0,0,0,0,0,0,0.0,22,7.3,2.14
Jeff Driskel,10841,QB,HST,3,15.91,0,35,13,72.0,25,28,10.2,3.03,0,0,0.0,60.7,17,9,5.6,32,91.4,1,10,,78.9,70.1,0.0,68.0,,71.2,1,3,36,11.1,74.6,3.1,1,3,0,2,3,1,2.8,173,6.2,73.7,19,22,11.1,3.07,0,0,0.0,59.1,13,9,7.1,27,77.1,1,8,,77.9,68.0,0.0,66.6,,68.4,1,2,30,11.1,80.7,3.7,1,4,0,2,3,1,3.3,146,6.6,75.0,8,8,4.5,2.94,0,0,0.0,75.0,6,1,0.0,8,22.9,0,2,,70.9,67.8,71.9,67.1,,,0,1,9,0.0,43.8,0.0,0,0,0,0,0,0,0.0,36,4.5,0,100.0,2,2,-3.5,3.13,0,0,0.0,100.0,2,1,0.0,3,8.6,0,0,,65.5,58.6,68.2,62.0,,58.3,0,0,3,0.0,85.4,0.0,0,1,0,0,0,0,0.0,9,4.5,-2.14
Justin Fields,82118,QB,CHI,3,22.49,0,35,6,85.7,21,24,9.7,3.57,1,2,8.3,70.8,17,11,5.6,29,82.9,1,13,,77.4,90.8,78.2,88.4,,72.4,1,0,29,18.2,134.5,6.9,2,3,0,1,3,0,0.0,195,8.1,87.5,16,19,7.1,3.12,1,2,10.5,68.4,13,9,7.1,24,68.6,1,9,,76.4,89.5,77.8,85.6,,72.4,1,0,24,22.2,124.9,8.3,2,3,0,1,2,0,0.0,140,7.4,90.9,11,11,7.0,3.55,0,0,0.0,90.9,10,2,0.0,11,31.4,0,6,,71.9,78.2,72.6,76.7,,,0,0,11,0.0,136.0,0.0,0,0,0,0,1,0,0.0,103,9.4,0,100.0,6,6,-2.2,1.73,0,0,0.0,100.0,6,0,0.0,6,17.1,0,2,,68.9,66.0,70.6,65.4,,,0,0,6,,100.0,0.0,0,0,0,0,0,0,0.0,48,8.0,1.99
Josh Rosen,35460,QB,CLV,3,53.33,0,34,8,62.5,32,33,10.5,2.78,0,1,2.9,51.5,17,9,15.0,34,100.0,3,8,,79.5,66.6,79.1,66.0,,60.1,0,0,36,0.0,68.5,0.0,0,1,0,1,0,0,0.0,186,5.6,58.6,29,30,10.8,2.73,0,1,3.1,46.7,14,8,17.6,31,91.2,3,6,,79.1,67.8,78.9,67.4,,60.1,0,0,33,0.0,62.5,0.0,0,1,0,1,0,0,0.0,155,5.2,100.0,3,3,7.7,3.27,0,0,0.0,100.0,3,1,0.0,3,8.8,0,2,,65.5,55.7,68.2,56.0,,,0,0,3,0.0,109.7,0.0,0,0,0,0,0,0,0.0,31,10.3,0,,0,0,,,0,0,,,0,0,,0,0.0,0,0,,,,,,,,0,0,0,,0.0,,0,0,0,0,0,0,,0,,5.16
Davis Mills,52269,QB,HST,3,39.29,0,34,13,65.4,26,26,11.2,2.52,0,2,6.7,57.7,15,6,11.8,30,88.2,2,9,,26.9,53.3,79.0,52.6,,,0,1,34,66.7,84.3,13.3,4,0,0,0,2,2,5.9,153,5.9,67.9,28,28,10.1,2.33,0,2,6.5,60.7,17,4,10.5,30,88.2,2,9,,26.7,54.3,79.0,53.7,,,0,1,33,50.0,85.7,6.7,2,0,0,0,2,2,6.1,162,5.8,100.0,2,2,-2.5,3.35,0,0,0.0,100.0,2,2,0.0,4,11.8,0,0,,68.0,59.1,69.9,59.1,,,0,0,5,100.0,79.2,50.0,2,0,0,0,0,0,0.0,6,3.0,0,100.0,4,4,-3.8,1.88,0,0,0.0,100.0,4,0,0.0,4,11.8,0,0,,66.9,64.2,69.2,63.7,,,0,0,4,,82.3,0.0,0,0,0,0,0,0,0.0,15,3.8,-2.79
Cooper Rush,12324,QB,DAL,3,37.14,0,33,9,72.0,25,29,4.8,2.45,3,0,0.0,55.2,16,10,11.1,31,93.9,2,8,,78.1,54.6,79.0,51.4,,65.9,1,1,34,10.0,52.9,3.2,1,1,0,0,0,2,5.9,134,4.6,64.7,17,21,5.2,2.32,3,0,0.0,42.9,9,9,18.2,23,69.7,2,5,,76.3,48.3,78.5,44.2,,65.9,1,1,25,11.1,33.0,4.3,1,1,0,0,0,2,8.0,76,3.6,80.0,10,10,2.7,2.74,0,0,0.0,80.0,8,1,0.0,10,30.3,0,3,,72.4,67.3,72.9,66.6,,,0,0,12,0.0,91.7,0.0,0,0,0,0,0,0,0.0,60,6.0,0,50.0,2,2,-3.0,2.45,0,0,0.0,50.0,1,0,0.0,2,6.1,0,0,,65.5,55.1,68.2,55.5,,,0,0,3,,56.3,0.0,0,0,0,0,0,0,0.0,2,1.0,2.38
Nick Mullens,12282,QB,MIN,3,-15.0,0,32,18,73.9,23,24,10.3,2.92,0,0,0.0,66.7,16,10,5.9,27,84.4,1,6,,26.1,63.3,78.3,67.9,,44.8,1,0,28,20.0,101.7,7.4,2,1,0,0,1,0,0.0,174,7.3,79.2,24,24,7.7,2.78,0,0,0.0,75.0,18,8,5.3,27,84.4,1,8,,25.8,64.4,78.3,69.3,,44.8,0,0,27,25.0,112.5,7.4,2,1,0,0,1,0,0.0,196,8.2,75.0,4,5,8.5,2.72,0,0,0.0,60.0,3,3,0.0,5,15.6,0,0,,68.9,61.6,70.6,61.3,,,1,0,6,0.0,64.6,0.0,0,0,0,0,0,0,0.0,9,1.8,0,100.0,5,5,-3.4,1.94,0,0,0.0,100.0,5,1,0.0,5,15.6,0,2,,68.0,65.6,69.9,65.0,,,0,0,5,0.0,92.5,0.0,0,0,0,0,0,0,0.0,31,6.2,-6.37
Ben DiNucci,34311,QB,DAL,3,16.43,0,32,9,66.7,21,23,8.4,3.3,0,1,4.0,56.5,13,12,7.1,28,87.5,1,11,,27.3,60.7,78.8,60.4,,59.0,0,0,30,8.3,107.2,3.6,1,4,0,2,2,2,6.7,160,7.0,66.7,18,20,7.9,3.12,0,0,0.0,55.0,11,11,8.3,23,71.9,1,10,,25.9,57.1,78.5,54.3,,63.8,0,0,24,9.1,103.5,4.3,1,2,0,2,2,2,8.3,107,5.4,85.7,7,7,4.6,3.06,0,1,12.5,71.4,5,2,16.7,9,28.1,1,2,,71.4,70.4,72.3,75.5,,54.5,0,0,10,0.0,105.7,0.0,0,2,0,0,0,0,0.0,74,10.6,0,100.0,4,4,-0.8,1.73,0,0,0.0,75.0,3,1,25.0,4,12.5,1,1,,66.9,64.5,69.2,64.0,,,0,0,4,0.0,86.5,0.0,0,0,0,0,0,0,0.0,21,5.3,5.22
Teddy Bridgewater,8667,QB,MIA,2,-4.97,0,31,17,56.0,25,28,11.3,2.91,1,2,7.1,42.9,12,8,14.3,29,93.5,2,10,,77.2,81.2,77.4,79.4,,,0,0,29,12.5,67.6,3.4,1,0,0,2,0,0,0.0,200,7.1,59.1,22,23,8.9,2.45,1,2,8.7,47.8,11,5,15.4,24,77.4,2,8,,76.1,89.4,77.0,87.2,,,0,0,24,20.0,68.8,4.2,1,0,0,0,0,0,0.0,148,6.4,60.0,5,7,14.8,4.13,0,0,0.0,42.9,3,4,0.0,7,22.6,0,2,,69.6,51.7,71.1,52.3,,,0,0,7,0.0,68.2,0.0,0,0,0,2,0,0,0.0,51,7.3,0,100.0,2,2,-6.0,1.65,0,0,0.0,100.0,2,1,0.0,2,6.5,0,0,,63.6,62.4,66.9,62.1,,,0,0,2,0.0,79.2,0.0,0,0,0,0,0,0,0.0,-1,-0.5,0.86
John Wolford,46454,QB,LA,1,-4.71,0,30,26,72.2,18,20,8.9,3.11,1,0,0.0,60.0,12,15,7.7,28,93.3,1,6,,23.9,54.9,76.9,67.5,,29.8,0,0,28,33.3,81.5,17.9,5,3,0,1,0,0,0.0,141,7.1,68.8,16,17,5.4,2.96,1,0,0.0,64.7,11,12,0.0,24,80.0,0,4,,22.9,44.3,76.5,58.0,,29.8,0,0,24,33.3,78.3,16.7,4,3,0,0,0,0,0.0,91,5.4,100.0,4,5,15.3,3.28,0,0,0.0,60.0,3,3,25.0,6,20.0,1,2,,68.9,85.0,70.6,82.8,,,0,0,6,33.3,94.6,16.7,1,0,0,1,0,0,0.0,51,10.2,0,100.0,2,2,-6.0,1.9,0,0,0.0,100.0,2,0,0.0,2,6.7,0,0,,63.6,62.6,66.9,62.2,,,0,0,2,,79.2,0.0,0,0,0,0,0,0,0.0,1,0.5,4.85
Nathan Peterman,11926,QB,CHI,3,50.0,0,29,6,72.2,18,21,11.6,3.17,1,0,0.0,52.4,11,7,15.4,26,89.7,2,9,,27.2,61.9,78.8,62.9,,54.9,0,0,28,57.1,79.1,15.4,4,1,0,2,0,2,7.1,168,8.0,60.0,10,12,5.4,2.95,1,0,0.0,33.3,4,6,33.3,17,58.6,2,1,,24.9,40.9,78.2,40.1,,54.9,0,0,19,66.7,42.4,23.5,4,1,0,1,0,2,10.5,15,1.3,90.9,11,12,13.2,3.06,0,0,0.0,83.3,10,1,0.0,12,41.4,0,8,,72.4,89.7,72.9,87.1,,,0,0,12,0.0,118.8,0.0,0,0,0,1,0,0,0.0,163,13.6,0,100.0,3,3,-3.0,1.53,0,0,0.0,100.0,3,0,0.0,3,10.3,0,0,,65.5,63.0,68.2,62.7,,,0,0,3,,80.6,0.0,0,0,0,0,0,0,0.0,10,3.3,12.33
Matt Corral,83517,QB,CAR,2,-41.67,0,29,5,55.0,20,23,7.9,3.2,1,0,0.0,43.5,10,12,9.1,28,96.6,1,5,,77.8,47.3,0.0,48.0,,61.6,1,0,32,16.7,50.8,7.1,2,3,0,1,0,2,6.3,69,3.0,52.4,21,24,7.3,2.85,1,0,0.0,41.7,10,10,9.1,27,93.1,1,5,,77.6,43.5,0.0,46.5,,57.9,1,0,31,20.0,49.3,7.4,2,1,0,1,0,2,6.5,69,2.9,,0,0,,6.9,0,0,,,0,2,,2,6.9,0,0,,63.6,65.9,66.9,,,64.1,0,0,2,0.0,0.0,0.0,0,2,0,0,0,0,0.0,0,,0,0.0,1,1,-3.0,1.2,0,0,0.0,0.0,0,0,,1,3.4,0,0,,60.4,58.4,64.6,59.6,,,0,0,1,,39.6,0.0,0,0,0,0,0,0,0.0,0,0.0,-2.88
Daniel Jones,39395,QB,NYG,2,15.38,0,29,21,91.3,23,23,8.7,2.77,0,0,0.0,73.9,17,10,19.0,26,89.7,4,12,,76.6,71.9,77.2,68.0,,69.8,0,1,26,10.0,76.7,3.8,1,2,0,0,0,1,3.8,172,7.5,76.9,13,13,8.2,2.55,0,0,0.0,69.2,9,6,10.0,15,51.7,1,4,,73.5,61.7,76.0,56.0,,69.8,0,0,15,0.0,76.4,0.0,0,2,0,0,0,0,0.0,52,4.0,107.7,13,13,6.6,2.63,0,0,0.0,84.6,11,4,21.4,14,48.3,3,9,,73.2,78.9,73.5,77.3,,,0,1,14,25.0,77.2,7.1,1,0,0,0,0,1,7.1,133,10.2,0,100.0,3,3,-3.0,1.0,0,0,0.0,100.0,3,0,0.0,3,10.3,0,1,,65.5,63.8,68.2,63.4,,,0,0,3,,84.7,0.0,0,0,0,0,0,0,0.0,13,4.3,6.23
Danny Etling,23519,QB,GB,3,-77.27,0,27,12,77.8,18,18,6.4,3.13,0,0,0.0,72.2,13,5,7.1,23,85.2,1,5,,78.4,70.7,78.1,63.4,,74.4,0,0,26,60.0,126.2,13.0,3,2,0,0,1,0,0.0,196,10.9,81.8,22,22,5.1,2.32,0,0,0.0,77.3,17,2,5.6,23,85.2,1,6,,78.4,74.9,78.1,65.8,,81.1,0,0,26,50.0,123.3,4.3,1,0,0,0,1,0,0.0,220,10.0,,0,0,,5.95,0,0,,,0,3,,4,14.8,0,0,,66.9,48.9,69.2,56.0,,54.5,0,0,4,66.7,0.0,50.0,2,2,0,0,0,0,0.0,0,,0,100.0,4,4,-1.0,1.28,0,0,0.0,100.0,4,0,0.0,4,14.8,0,1,,66.9,64.5,69.2,64.0,,,0,0,4,,91.7,0.0,0,0,0,0,0,0,0.0,24,6.0,-10.0
Kyle Sloter,12180,QB,JAX,1,-2.17,0,27,15,60.0,20,21,5.9,2.73,1,0,0.0,47.6,10,11,16.7,23,85.2,2,3,,25.3,35.3,77.0,45.7,,30.7,0,0,25,9.1,72.9,4.3,1,1,0,0,1,1,4.0,77,3.7,66.7,21,23,4.4,2.51,2,0,0.0,52.2,12,9,14.3,25,92.6,2,6,,25.8,42.4,77.2,52.6,,30.7,0,0,27,11.1,82.5,4.0,1,1,0,0,1,0,0.0,124,5.4,50.0,2,2,6.0,3.9,0,0,0.0,50.0,1,2,0.0,2,7.4,0,0,,63.6,33.8,66.9,36.3,,,0,0,2,0.0,56.3,0.0,0,0,0,0,0,1,50.0,3,1.5,0,100.0,3,4,-4.3,1.98,1,0,0.0,75.0,3,0,0.0,4,14.8,0,3,,66.9,61.1,69.2,60.9,,,0,0,4,,116.7,0.0,0,0,0,0,0,0,0.0,50,12.5,-3.89
Mac Jones,60323,QB,NE,2,-72.22,0,26,19,68.4,19,20,10.7,2.82,0,1,4.8,60.0,12,9,7.7,25,96.2,1,7,,76.6,57.0,77.2,49.9,,77.9,0,1,26,33.3,57.9,12.0,3,2,0,1,0,1,3.8,128,6.4,82.4,17,18,9.4,2.63,0,1,5.3,72.2,13,7,7.1,23,88.5,1,7,,76.1,75.7,77.0,67.9,,77.9,0,0,24,42.9,92.8,13.0,3,2,0,1,0,0,0.0,132,7.3,0.0,3,3,13.7,3.6,0,0,0.0,0.0,0,2,,3,11.5,0,0,,65.5,23.0,68.2,24.6,,,0,1,3,0.0,0.0,0.0,0,0,0,0,0,1,33.3,0,0.0,0,100.0,1,1,-2.0,0.8,0,0,0.0,100.0,1,0,0.0,1,3.8,0,0,,60.4,60.2,64.6,60.0,,,0,0,1,,83.3,0.0,0,0,0,0,0,0,0.0,4,4.0,-7.33
Patrick Mahomes,11765,QB,KC,2,-41.21,0,26,16,72.7,22,24,10.2,2.98,0,1,4.0,66.7,16,12,0.0,24,92.3,0,12,,76.3,81.9,76.6,80.0,,,1,0,25,0.0,122.4,0.0,0,0,0,1,2,0,0.0,213,8.9,92.9,14,15,6.2,3.05,0,1,6.3,86.7,13,7,0.0,15,57.7,0,8,,73.9,83.6,75.5,81.7,,,0,0,16,0.0,146.0,0.0,0,0,0,1,2,0,0.0,143,9.5,50.0,10,11,13.4,2.62,0,0,0.0,45.5,5,5,0.0,11,42.3,0,5,,71.9,69.9,72.6,69.0,,,1,0,11,0.0,100.2,0.0,0,0,0,0,1,0,0.0,79,7.2,0,100.0,2,2,-2.0,1.5,0,0,0.0,100.0,2,0,0.0,2,7.7,0,1,,63.6,62.4,66.9,62.1,,,0,0,2,,125.0,0.0,0,0,0,0,1,0,0.0,9,4.5,-2.35
Nick Foles,7089,QB,IND,3,-1.75,0,24,14,82.4,17,18,6.5,2.4,1,0,0.0,61.1,11,5,21.4,20,83.3,3,6,,75.7,56.1,77.6,56.4,,57.4,0,1,22,20.0,81.3,5.0,1,1,0,0,1,1,4.5,142,7.9,88.9,18,19,4.9,2.3,1,0,0.0,68.4,13,5,18.8,21,87.5,3,7,,75.7,64.6,77.6,65.2,,57.4,0,0,22,20.0,108.9,4.8,1,1,0,0,1,0,0.0,147,7.7,66.7,3,3,2.7,2.27,0,0,0.0,66.7,2,0,0.0,3,12.5,0,0,,68.0,43.5,69.9,44.8,,,0,1,5,,30.6,0.0,0,0,0,0,0,1,20.0,5,1.7,0,100.0,4,4,-3.5,1.8,0,0,0.0,100.0,4,0,0.0,4,16.7,0,1,,68.0,65.2,69.9,64.6,,,0,0,5,,79.2,0.0,0,0,0,0,0,0,0.0,10,2.5,-6.07
Baker Mayfield,46518,QB,CAR,2,-14.29,0,24,5,77.8,18,20,9.4,3.12,0,0,0.0,55.0,11,10,21.4,22,91.7,3,6,,75.9,68.1,76.7,71.8,,50.0,0,0,23,0.0,107.3,0.0,0,2,0,2,2,0,0.0,125,6.3,84.6,13,14,7.8,2.54,0,0,0.0,64.3,9,4,18.2,14,58.3,2,5,,73.5,74.1,75.8,72.9,,60.0,0,0,15,0.0,108.9,0.0,0,0,0,1,1,0,0.0,99,7.1,71.4,7,8,8.9,3.63,0,0,0.0,50.0,4,6,20.0,10,41.7,1,2,,71.4,56.9,72.3,64.2,,50.0,0,0,10,0.0,101.6,0.0,0,2,0,1,1,0,0.0,35,4.4,0,100.0,2,2,-3.0,1.6,0,0,0.0,100.0,2,0,0.0,2,8.3,0,1,,63.6,62.4,66.9,62.0,,,0,0,2,,85.4,0.0,0,0,0,0,0,0,0.0,9,4.5,-2.69
Jacoby Brissett,10725,QB,CLV,1,-7.89,0,23,8,68.4,19,21,9.3,2.52,1,0,0.0,52.4,11,3,15.4,21,91.3,2,6,,75.6,60.7,76.1,60.3,,,0,1,22,0.0,47.3,0.0,0,0,0,1,0,0,0.0,108,5.1,76.5,17,19,7.5,2.34,1,0,0.0,57.9,11,3,15.4,19,82.6,2,5,,75.4,66.1,76.0,65.3,,,0,1,21,0.0,50.5,0.0,0,0,0,1,0,0,0.0,101,5.3,50.0,4,4,10.3,3.05,0,0,0.0,50.0,2,0,0.0,4,17.4,0,1,,66.9,49.6,69.2,50.4,,,0,0,4,,56.3,0.0,0,0,0,0,0,0,0.0,8,2.0,0,100.0,2,2,-4.0,1.9,0,0,0.0,100.0,2,0,0.0,2,8.7,0,0,,65.5,63.7,68.2,63.3,,,0,0,3,,79.2,0.0,0,0,0,0,0,0,0.0,1,0.5,-3.32
Carson Wentz,10636,QB,WAS,2,54.55,0,23,32,66.7,18,18,8.2,2.57,0,0,0.0,66.7,12,3,0.0,19,82.6,0,6,,75.1,62.4,77.1,61.6,,,0,0,20,33.3,81.3,5.3,1,0,0,0,0,0,0.0,102,5.7,45.5,11,11,10.5,2.4,0,0,0.0,45.5,5,2,0.0,12,52.2,0,4,,72.8,56.0,76.4,55.4,,,0,0,13,50.0,58.1,8.3,1,0,0,0,0,0,0.0,48,4.4,100.0,11,11,2.0,2.45,0,0,0.0,100.0,11,1,0.0,11,47.8,0,3,,71.9,73.7,72.6,72.5,,,0,0,11,0.0,100.8,0.0,0,0,0,0,0,0,0.0,90,8.2,0,100.0,4,4,-2.5,1.75,0,0,0.0,100.0,4,0,0.0,4,17.4,0,1,,66.9,64.7,69.2,64.2,,,0,0,4,,104.2,0.0,0,0,0,0,0,0,0.0,36,9.0,3.82
Taylor Heinicke,9896,QB,WAS,2,-40.0,0,23,32,63.2,19,20,10.6,2.8,1,1,4.8,60.0,12,4,0.0,22,95.7,0,6,,75.9,57.7,76.1,54.8,,66.4,0,1,23,0.0,67.9,0.0,0,2,0,0,1,1,4.3,96,4.8,78.6,14,15,7.9,2.63,1,1,6.3,73.3,11,2,0.0,16,69.6,0,5,,74.2,67.1,75.3,62.0,,65.9,0,1,17,0.0,81.2,0.0,0,1,0,0,1,0,0.0,85,5.7,33.3,6,6,14.5,3.14,0,0,0.0,33.3,2,2,0.0,7,30.4,0,1,,70.3,42.1,71.5,44.2,,58.3,0,0,8,0.0,43.1,0.0,0,1,0,0,0,1,12.5,19,3.2,0,100.0,1,1,-5.0,2.4,0,0,0.0,100.0,1,0,0.0,1,4.3,0,0,,63.6,54.1,66.9,54.8,,,0,0,2,,100.0,0.0,0,0,0,0,0,0,0.0,8,8.0,-2.5
Dustin Crum,60418,QB,KC,3,38.46,0,22,16,75.0,12,13,5.0,3.21,1,0,0.0,61.5,8,8,11.1,20,90.9,1,3,,76.2,63.8,76.5,58.1,,69.1,0,0,20,50.0,66.5,20.0,4,3,0,0,0,0,0.0,41,3.2,75.0,12,13,4.2,3.12,1,0,0.0,61.5,8,7,11.1,19,86.4,1,3,,75.9,64.6,76.4,58.9,,69.1,0,0,19,42.9,69.4,15.8,3,3,0,0,0,0,0.0,50,3.8,100.0,2,2,2.0,2.7,0,0,0.0,100.0,2,1,0.0,3,13.6,0,0,,65.5,60.0,68.2,59.9,,,0,0,3,100.0,79.2,33.3,1,0,0,0,0,0,0.0,6,3.0,0,100.0,2,2,-3.0,1.55,0,0,0.0,100.0,2,0,0.0,2,9.1,0,0,,63.6,62.2,66.9,61.9,,,0,0,2,,97.9,0.0,0,0,0,0,0,0,0.0,15,7.5,-0.85
Jack Coan,60613,QB,IND,3,-62.5,0,21,14,66.7,15,18,7.2,2.79,0,0,0.0,50.0,9,6,10.0,20,95.2,1,6,,75.7,50.3,76.8,56.0,,54.4,1,0,21,33.3,84.3,10.0,2,0,0,2,1,0,0.0,95,5.3,71.4,14,16,7.3,2.75,0,0,0.0,62.5,10,5,0.0,17,81.0,0,6,,74.9,50.9,76.5,56.9,,54.4,1,0,18,20.0,98.7,5.9,1,0,0,1,1,0,0.0,91,5.7,50.0,2,3,0.0,2.78,0,0,0.0,0.0,0,1,100.0,4,19.0,1,0,,66.9,57.5,69.2,57.6,,,0,0,4,100.0,39.6,25.0,1,0,0,1,0,0,0.0,0,0.0,0,100.0,1,1,-6.0,2.1,0,0,0.0,100.0,1,0,0.0,1,4.8,0,0,,60.4,60.5,64.6,60.4,,,0,0,1,,79.2,0.0,0,0,0,0,0,0,0.0,-4,-4.0,-5.69
C.J. Beathard,11859,QB,JAX,2,43.75,0,21,15,58.3,12,13,13.0,2.81,1,0,0.0,53.8,7,6,0.0,17,81.0,0,5,,74.8,52.5,76.3,52.0,,58.7,0,1,19,16.7,38.9,5.9,1,3,0,0,0,0,0.0,75,5.8,64.3,14,16,8.9,2.56,2,0,0.0,56.3,9,7,0.0,20,95.2,0,4,,75.4,50.2,76.5,49.5,,58.7,0,1,21,14.3,40.6,5.0,1,3,0,0,0,0,0.0,68,4.3,100.0,1,1,17.0,3.5,0,0,0.0,100.0,1,0,0.0,1,4.8,0,1,,63.6,69.5,66.9,68.5,,,0,0,2,,118.8,0.0,0,0,0,0,0,0,0.0,18,18.0,0,100.0,3,4,-4.7,1.73,1,0,0.0,75.0,3,1,0.0,4,19.0,0,0,,66.9,61.3,69.2,61.1,,,0,0,4,0.0,77.1,0.0,0,0,0,0,0,0,0.0,11,2.8,13.75
Trey Lance,91399,QB,SF,2,4.76,0,20,28,71.4,14,15,8.1,3.16,0,1,6.7,66.7,10,7,0.0,19,95.0,0,3,,75.1,59.0,76.6,55.3,,66.1,1,0,20,28.6,117.6,10.5,2,2,0,0,1,0,0.0,136,9.1,66.7,9,9,8.2,2.82,0,1,11.1,66.7,6,4,0.0,12,60.0,0,1,,72.8,68.1,75.8,63.9,,66.1,0,0,13,25.0,138.7,8.3,1,2,0,0,1,0,0.0,95,10.6,83.3,6,7,6.0,3.43,0,0,0.0,71.4,5,3,0.0,8,40.0,0,2,,70.3,47.3,71.5,48.2,,,1,0,8,33.3,89.0,12.5,1,0,0,0,0,0,0.0,46,6.6,0,100.0,1,1,-4.0,1.1,0,0,0.0,100.0,1,0,0.0,1,5.0,0,0,,60.4,60.2,64.6,60.0,,,0,0,1,,87.5,0.0,0,0,0,0,0,0,0.0,5,5.0,-3.99
Matt Ryan,4317,QB,IND,2,50.0,0,20,14,64.3,14,14,4.9,2.81,0,0,0.0,57.1,8,5,11.1,17,85.0,1,3,,74.2,58.8,76.1,54.4,,64.4,0,0,17,40.0,70.5,11.8,2,1,0,0,0,0,0.0,70,5.0,58.3,12,12,3.7,2.71,0,0,0.0,50.0,6,5,14.3,15,75.0,1,2,,73.5,52.8,75.9,47.8,,64.4,0,0,15,40.0,61.5,13.3,2,1,0,0,0,0,0.0,51,4.3,100.0,5,5,2.8,2.38,0,0,0.0,100.0,5,0,0.0,5,25.0,0,2,,68.0,74.1,69.9,72.8,,,0,0,5,,118.8,0.0,0,0,0,0,0,0,0.0,66,13.2,0,100.0,3,3,-3.7,1.6,0,0,0.0,100.0,3,0,0.0,3,15.0,0,1,,65.5,63.3,68.2,63.0,,,0,0,3,,118.8,0.0,0,0,0,0,0,0,0.0,47,15.7,8.95
Brian Hoyer,5277,QB,NE,3,31.25,0,19,19,75.0,16,16,8.9,2.35,0,1,5.9,68.8,11,5,8.3,17,89.5,1,6,,74.2,74.6,76.0,73.2,,,0,0,18,20.0,111.7,5.9,1,0,0,0,1,0,0.0,121,7.6,75.0,16,16,7.8,2.31,0,1,5.9,68.8,11,4,8.3,17,89.5,1,5,,74.2,71.7,76.0,70.6,,,0,0,18,25.0,110.2,5.9,1,0,0,0,1,0,0.0,115,7.2,100.0,2,2,5.5,2.15,0,0,0.0,100.0,2,1,0.0,2,10.5,0,1,,63.6,73.2,66.9,71.9,,,0,0,2,0.0,110.4,0.0,0,0,0,0,0,0,0.0,21,10.5,0,100.0,2,2,-3.5,1.8,0,0,0.0,100.0,2,0,0.0,2,10.5,0,0,,63.6,62.6,66.9,62.2,,,0,0,2,,97.9,0.0,0,0,0,0,0,0,0.0,15,7.5,3.31
Blaine Gabbert,6162,QB,TB,3,28.57,0,17,30,84.6,13,13,8.5,2.34,0,1,7.7,76.9,10,1,9.1,13,76.5,1,4,,73.2,80.6,76.8,82.8,,56.8,0,0,14,0.0,128.0,0.0,0,0,0,0,1,0,0.0,113,8.7,85.7,14,14,5.7,2.1,0,1,7.1,71.4,10,2,16.7,14,82.4,2,3,,73.5,75.2,76.9,77.3,,56.8,0,0,15,0.0,86.0,0.0,0,0,0,0,0,0,0.0,82,5.9,100.0,3,3,7.0,2.37,0,0,0.0,100.0,3,0,0.0,3,17.6,0,1,,65.5,77.7,68.2,76.1,,,0,0,3,,152.1,0.0,0,0,0,0,1,0,0.0,33,11.0,0,100.0,4,4,-2.5,1.53,0,0,0.0,75.0,3,1,25.0,4,23.5,1,0,,66.9,64.2,69.2,63.7,,,0,0,4,0.0,77.1,0.0,0,0,0,0,0,0,0.0,2,0.5,5.14
Tua Tagovailoa,60326,QB,MIA,2,30.0,0,16,17,86.7,15,15,10.3,2.87,0,0,0.0,80.0,12,4,7.7,16,100.0,1,9,,73.9,88.8,76.3,86.7,,,0,0,16,25.0,138.6,6.3,1,0,0,0,1,0,0.0,179,11.9,80.0,5,5,7.6,2.72,0,0,0.0,60.0,3,3,25.0,6,37.5,1,2,,68.9,62.6,74.9,61.5,,,0,0,6,33.3,77.9,16.7,1,0,0,0,0,0,0.0,31,6.2,90.0,10,10,11.6,2.96,0,0,0.0,90.0,9,1,0.0,10,62.5,0,7,,71.4,92.7,72.3,91.5,,,0,0,10,0.0,152.1,0.0,0,0,0,0,1,0,0.0,148,14.8,0,,0,0,,,0,0,,,0,0,,0,0.0,0,0,,,,,,,,0,0,0,,0.0,,0,0,0,0,0,0,,0,,8.6
Kyle Allen,26152,QB,HST,2,-26.92,0,16,13,93.3,15,15,9.3,2.3,0,1,6.7,73.3,11,4,21.4,16,100.0,3,6,,73.9,85.6,77.3,83.9,,,0,0,16,25.0,115.1,6.3,1,0,0,0,1,0,0.0,107,7.1,92.3,13,13,10.7,2.22,0,1,7.7,76.9,10,3,16.7,14,87.5,2,5,,73.2,86.0,77.2,84.4,,,0,0,14,33.3,98.6,7.1,1,0,0,0,0,0,0.0,101,7.8,100.0,2,2,0.0,2.85,0,0,0.0,50.0,1,1,50.0,2,12.5,1,1,,63.6,62.4,66.9,62.1,,,0,0,2,0.0,95.8,0.0,0,0,0,0,1,0,0.0,6,3.0,0,,0,0,,,0,0,,,0,0,,0,0.0,0,0,,,,,,,,0,0,0,,0.0,,0,0,0,0,0,0,,0,,-4.77
Marcus Mariota,9435,QB,ATL,2,33.33,0,15,2,72.7,11,12,12.3,3.46,0,2,16.7,66.7,8,5,0.0,15,100.0,0,8,,73.9,93.4,76.1,90.9,,79.4,0,0,16,0.0,137.5,0.0,0,3,0,1,1,0,0.0,168,14.0,60.0,5,6,8.8,3.06,0,1,16.7,50.0,3,3,0.0,7,46.7,0,3,,70.3,79.9,75.0,76.4,,66.4,0,0,8,0.0,109.7,0.0,0,1,0,1,1,0,0.0,38,6.3,83.3,6,6,15.2,3.81,0,1,16.7,83.3,5,2,0.0,8,53.3,0,5,,70.3,94.4,71.5,91.1,,76.0,0,0,8,0.0,118.8,0.0,0,2,0,0,0,0,0.0,130,21.7,0,,0,0,,,0,0,,,0,0,,0,0.0,0,0,,,,,,,,0,0,0,,0.0,,0,0,0,0,0,0,,0,,15.34
Sam Darnold,29048,QB,CAR,2,21.21,0,14,5,75.0,8,12,7.9,3.55,0,1,8.3,50.0,6,8,0.0,12,85.7,0,4,,21.1,42.5,75.2,48.9,,46.7,0,0,12,0.0,92.0,0.0,0,0,0,4,1,1,8.3,59,4.9,71.4,7,11,6.9,3.2,0,0,0.0,45.5,5,5,0.0,11,78.6,0,2,,20.6,31.2,75.0,37.0,,46.7,0,0,11,0.0,58.5,0.0,0,0,0,4,0,1,9.1,49,4.5,100.0,2,3,6.5,3.77,0,1,33.3,66.7,2,3,0.0,3,21.4,0,2,,65.5,81.3,68.2,79.3,,,0,0,3,0.0,119.4,0.0,0,0,0,1,1,0,0.0,16,5.3,0,100.0,1,2,-2.0,1.95,0,0,0.0,50.0,1,0,0.0,2,14.3,0,0,,63.6,58.8,66.9,58.9,,,0,0,2,,56.3,0.0,0,0,0,1,0,0,0.0,6,3.0,0.88
Feleipe Franks,40217,QB,ATL,2,-8.33,0,12,2,33.3,3,6,9.0,3.35,0,0,0.0,16.7,1,4,0.0,11,91.7,0,2,64.7,20.9,47.7,0.0,28.5,56.6,75.2,0,0,11,50.0,39.6,18.2,2,3,0,3,0,1,9.1,11,1.8,33.3,3,3,7.3,1.97,0,0,0.0,33.3,1,1,0.0,3,25.0,0,0,64.7,71.9,58.2,0.0,55.8,56.9,69.3,0,0,3,0.0,42.4,0.0,0,0,0,0,0,0,0.0,-3,-1.0,100.0,1,4,2.0,3.63,0,0,0.0,25.0,1,3,0.0,9,75.0,0,2,,16.1,39.0,74.2,26.3,58.0,70.6,0,0,9,66.7,39.6,22.2,2,3,0,3,0,1,11.1,11,2.8,0,100.0,1,1,-3.0,1.7,0,0,0.0,100.0,1,0,0.0,1,8.3,0,0,,60.4,60.1,66.5,60.4,59.8,,0,0,1,,79.2,0.0,0,0,0,0,0,0,0.0,-3,-3.0,3.75
Joe Flacco,4332,QB,NYJ,1,-12.5,0,12,22,58.3,12,12,8.9,3.08,0,0,0.0,58.3,7,3,0.0,12,100.0,0,3,,72.4,29.1,75.0,29.5,,,0,1,12,0.0,42.4,0.0,0,0,0,0,0,1,8.3,76,6.3,62.5,8,8,10.3,2.55,0,0,0.0,62.5,5,1,0.0,8,66.7,0,2,,70.3,28.7,74.3,29.0,,,0,1,8,0.0,43.2,0.0,0,0,0,0,0,1,12.5,55,6.9,50.0,4,4,6.3,4.13,0,0,0.0,50.0,2,2,0.0,4,33.3,0,1,,66.9,50.2,69.2,50.9,,,0,0,4,0.0,65.6,0.0,0,0,0,0,0,0,0.0,21,5.3,0,,0,0,,,0,0,,,0,0,,0,0.0,0,0,,,,,,,,0,0,0,,0.0,,0,0,0,0,0,0,,0,,-1.63
Chad Henne,4371,QB,KC,2,-66.67,0,11,16,57.1,7,7,5.7,2.41,0,1,12.5,57.1,4,0,0.0,8,72.7,0,2,,71.6,59.7,74.1,67.2,,48.9,0,0,9,,64.6,0.0,0,1,0,0,0,0,0.0,25,3.6,75.0,8,9,2.9,2.02,0,1,10.0,66.7,6,1,0.0,10,90.9,0,3,,72.6,63.1,74.5,70.5,,48.9,0,0,11,0.0,72.9,0.0,0,1,0,1,0,0,0.0,33,3.7,0.0,1,1,9.0,2.6,0,0,0.0,0.0,0,0,,1,9.1,0,0,,60.4,52.6,64.6,53.5,,,0,0,1,,39.6,0.0,0,0,0,0,0,0,0.0,0,0.0,0,100.0,2,3,-4.0,1.17,0,0,0.0,66.7,2,1,0.0,3,27.3,0,1,,65.5,59.9,68.2,59.8,,,0,0,3,0.0,70.1,0.0,0,0,0,1,0,0,0.0,8,2.7,-3.67
Andy Dalton,6187,QB,NO,2,0.0,0,11,20,100.0,9,9,8.9,2.62,0,0,0.0,100.0,9,2,0.0,10,90.9,0,5,,71.4,83.3,75.5,86.2,,56.8,0,0,10,0.0,118.8,0.0,0,1,0,0,0,0,0.0,115,12.8,100.0,8,8,8.3,2.5,0,0,0.0,100.0,8,2,0.0,9,81.8,0,5,,70.9,79.1,75.3,82.5,,56.8,0,0,9,0.0,158.3,0.0,0,1,0,0,1,0,0.0,103,12.9,100.0,2,2,6.0,2.85,0,0,0.0,100.0,2,0,0.0,2,18.2,0,1,,63.6,74.2,66.9,72.8,,,0,0,2,,110.4,0.0,0,0,0,0,0,0,0.0,21,10.5,0,100.0,1,1,-2.0,2.0,0,0,0.0,100.0,1,0,0.0,1,9.1,0,1,,60.4,60.3,64.6,60.1,,,0,0,1,,143.8,0.0,0,0,0,0,1,0,0.0,9,9.0,-2.38
Drew Plitt,39879,QB,CIN,2,25.0,0,9,7,87.5,8,8,9.9,2.47,0,1,12.5,87.5,7,0,0.0,9,100.0,0,4,,70.9,53.8,73.9,55.2,,58.3,0,0,9,,154.7,0.0,0,1,0,0,1,1,11.1,93,11.6,75.0,4,4,6.3,2.32,0,0,0.0,75.0,3,0,0.0,5,55.6,0,2,,68.0,36.6,72.9,37.2,,58.3,0,0,5,,93.8,0.0,0,1,0,0,0,1,20.0,28,7.0,100.0,4,4,13.5,2.65,0,1,25.0,100.0,4,0,0.0,4,44.4,0,2,,66.9,77.4,69.2,75.8,,,0,0,4,,158.3,0.0,0,0,0,0,1,0,0.0,65,16.3,0,,0,0,,,0,0,,,0,0,,0,0.0,0,0,,,,,,,,0,0,0,,0.0,,0,0,0,0,0,0,,0,,9.25
Tom Brady,698,QB,TB,1,-75.0,0,8,30,85.7,7,7,6.9,2.26,0,0,0.0,71.4,5,0,16.7,7,87.5,1,2,,70.3,68.8,72.3,68.0,,,0,0,8,,86.0,0.0,0,0,0,0,0,0,0.0,41,5.9,87.5,8,8,5.8,2.13,0,0,0.0,75.0,6,0,14.3,8,100.0,1,2,,70.9,68.9,72.6,68.0,,,0,0,9,,87.5,0.0,0,0,0,0,0,0,0.0,44,5.5,,0,0,,,0,0,,,0,0,,0,0.0,0,0,,,,,,,,0,0,0,,0.0,,0,0,0,0,0,0,,0,,0,100.0,1,1,-2.0,1.2,0,0,0.0,100.0,1,0,0.0,1,12.5,0,0,,60.4,60.5,64.6,60.4,,,0,0,1,,79.2,0.0,0,0,0,0,0,0,0.0,3,3.0,-5.5
Jalen Hurts,40291,QB,PHI,1,0.0,0,7,24,100.0,5,5,10.8,3.6,0,1,20.0,100.0,5,3,0.0,6,85.7,0,3,,69.6,90.5,71.5,86.2,,64.0,0,0,7,33.3,158.3,16.7,1,0,0,0,1,0,0.0,72,14.4,100.0,4,4,4.8,3.12,0,0,0.0,100.0,4,1,0.0,5,71.4,0,1,,68.9,76.5,71.1,70.4,,64.0,0,0,6,100.0,147.9,20.0,1,0,0,0,1,0,0.0,40,10.0,100.0,2,2,14.0,3.95,0,1,50.0,100.0,2,2,0.0,2,28.6,0,2,,63.6,88.3,66.9,85.5,,,0,0,2,0.0,118.8,0.0,0,0,0,0,0,0,0.0,40,20.0,0,100.0,1,1,-7.0,1.9,0,0,0.0,100.0,1,0,0.0,1,14.3,0,0,,60.4,60.3,64.6,60.1,,,0,0,1,,100.0,0.0,0,0,0,0,0,0,0.0,8,8.0,10.0
Zach Wilson,82096,QB,NYJ,1,50.0,0,6,22,60.0,5,5,4.4,2.98,0,0,0.0,60.0,3,2,0.0,6,100.0,0,2,,68.9,48.4,71.9,39.0,,65.6,0,1,6,0.0,31.7,0.0,0,1,0,0,0,1,16.7,23,4.6,50.0,4,4,5.5,2.08,0,0,0.0,50.0,2,1,0.0,4,66.7,0,2,,66.9,35.3,71.1,36.7,,,0,1,4,0.0,24.0,0.0,0,0,0,0,0,1,25.0,19,4.8,100.0,1,1,0.0,4.8,0,0,0.0,100.0,1,1,0.0,2,33.3,0,0,,63.6,74.8,66.9,60.1,,65.6,0,0,2,0.0,83.3,0.0,0,1,0,0,0,0,0.0,4,4.0,0,,0,0,,,0,0,,,0,0,,0,0.0,0,0,,,,,,,,0,0,0,,0.0,,0,0,0,0,0,0,,0,,-0.75
Deshaun Watson,11767,QB,CLV,1,-25.0,0,5,8,60.0,5,5,8.4,3.1,0,0,0.0,20.0,1,2,66.7,5,100.0,2,0,,68.0,56.6,72.3,56.5,,,0,0,5,0.0,39.6,0.0,0,0,0,0,0,0,0.0,7,1.4,75.0,4,4,7.8,2.85,0,0,0.0,25.0,1,2,66.7,4,80.0,2,0,,66.9,67.8,71.9,67.0,,,0,0,4,0.0,39.6,0.0,0,0,0,0,0,0,0.0,7,1.8,0.0,1,1,11.0,4.1,0,0,0.0,0.0,0,0,,1,20.0,0,0,,60.4,44.8,64.6,46.4,,,0,0,1,,39.6,0.0,0,0,0,0,0,0,0.0,0,0.0,0,,0,0,,,0,0,,,0,0,,0,0.0,0,0,,,,,,,,0,0,0,,0.0,,0,0,0,0,0,0,,0,,-1.75
Brett Hundley,9580,QB,BLT,1,-100.0,0,5,3,100.0,2,2,15.0,2.68,0,1,33.3,100.0,2,4,0.0,5,100.0,0,1,,69.2,75.9,72.3,79.7,,57.8,0,0,6,50.0,118.8,40.0,2,1,0,0,0,0,0.0,42,21.0,100.0,2,2,15.0,2.68,0,1,50.0,100.0,2,4,0.0,5,100.0,0,1,,68.4,76.0,71.9,80.1,,57.8,0,0,5,50.0,118.8,40.0,2,1,0,0,0,0,0.0,42,21.0,,0,0,,,0,0,0.0,,0,0,,0,0.0,0,0,,60.4,60.3,64.6,60.1,,,0,0,1,,0.0,,0,0,0,0,0,0,0.0,0,,0,,0,0,,,0,0,,,0,0,,0,0.0,0,0,,,,,,,,0,0,0,,0.0,,0,0,0,0,0,0,,0,,-21.0
Jared Goff,10635,QB,DET,1,-50.0,0,4,11,100.0,4,4,6.3,2.65,0,0,0.0,75.0,3,1,25.0,4,100.0,1,3,,66.9,74.2,72.3,73.0,,,0,0,4,0.0,113.5,0.0,0,0,0,0,0,0,0.0,47,11.8,100.0,2,2,4.0,1.75,0,0,0.0,100.0,2,0,0.0,2,50.0,0,2,,63.6,63.1,71.5,62.0,,,0,0,2,,118.8,0.0,0,0,0,0,0,0,0.0,27,13.5,100.0,2,2,8.5,3.55,0,0,0.0,50.0,1,1,50.0,2,50.0,1,1,,63.6,74.2,66.9,72.8,,,0,0,2,0.0,85.4,0.0,0,0,0,0,0,0,0.0,20,10.0,0,,0,0,,,0,0,,,0,0,,0,0.0,0,0,,,,,,,,0,0,0,,0.0,,0,0,0,0,0,0,,0,,-3.5
Carson Strong,83524,QB,PHI,2,-33.33,0,4,24,50.0,2,4,11.0,3.28,0,0,0.0,25.0,1,2,0.0,4,100.0,0,1,,69.5,62.1,73.7,60.6,,60.0,1,0,4,0.0,39.6,0.0,0,0,0,1,0,0,0.0,6,1.5,50.0,2,3,11.0,2.53,0,0,0.0,33.3,1,1,0.0,3,75.0,0,1,,68.7,64.2,73.5,62.8,,60.0,1,0,3,0.0,42.4,0.0,0,0,0,0,0,0,0.0,6,2.0,,0,1,,5.5,0,0,0.0,0.0,0,1,,1,25.0,0,0,,60.4,60.0,64.6,60.0,,,0,0,1,0.0,39.6,0.0,0,0,0,1,0,0,0.0,0,0.0,0,,0,0,,,0,0,,,0,0,,0,0.0,0,0,,,,,,,,0,0,0,,0.0,,0,0,0,0,0,0,,0,,-2.0
Jameis Winston,9434,QB,NO,1,0.0,0,4,20,100.0,4,4,13.5,3.13,0,0,0.0,100.0,4,1,0.0,4,100.0,0,3,,66.9,86.9,72.6,85.0,,,0,0,4,0.0,118.8,0.0,0,0,0,0,0,0,0.0,59,14.8,100.0,2,2,10.0,2.85,0,0,0.0,100.0,2,1,0.0,2,50.0,0,1,,63.6,73.4,71.9,71.9,,,0,0,2,0.0,108.3,0.0,0,0,0,0,0,0,0.0,20,10.0,100.0,2,2,17.0,3.4,0,0,0.0,100.0,2,0,0.0,2,50.0,0,2,,63.6,82.7,66.9,80.5,,,0,0,2,,118.8,0.0,0,0,0,0,0,0,0.0,39,19.5,0,,0,0,,,0,0,,,0,0,,0,0.0,0,0,,,,,,,,0,0,0,,0.0,,0,0,0,0,0,0,,0,,9.5
Josh Allen,46601,QB,BUF,1,0.0,0,3,4,100.0,2,2,18.5,3.3,0,0,0.0,100.0,2,1,0.0,2,66.7,0,2,,63.6,91.7,69.9,90.7,,,0,0,2,0.0,158.3,0.0,0,0,0,0,1,0,0.0,38,19.0,100.0,2,2,18.5,3.3,0,0,0.0,100.0,2,1,0.0,2,66.7,0,2,,63.6,91.7,69.9,90.7,,,0,0,2,0.0,158.3,0.0,0,0,0,0,1,0,0.0,38,19.0,100.0,1,1,-3.0,1.1,0,0,0.0,100.0,1,0,0.0,1,33.3,0,1,,60.4,60.2,64.6,60.0,,,0,0,1,,95.8,0.0,0,0,0,0,0,0,0.0,7,7.0,0,100.0,1,1,-3.0,1.1,0,0,0.0,100.0,1,0,0.0,1,33.3,0,1,,60.4,60.2,64.6,60.0,,,0,0,1,,95.8,0.0,0,0,0,0,0,0,0.0,7,7.0,-12.0
